Pozitia initiala a Robotului: 1 1

Round 1 : Pozitia Robotului: 1 1

R 0 0 0 0 0 0 0 0 0 0 0 0 0 0 
2 1 0 0 0 0 0 0 0 0 0 0 0 0 0 
X 0 0 0 X 0 0 0 0 0 0 0 0 0 0 
0 0 0 0 0 0 0 0 X 0 0 0 0 0 0 
0 0 0 0 0 2 0 0 0 X 0 0 0 0 0 
0 0 0 0 0 0 0 0 0 0 0 0 0 0 0 
0 0 0 0 0 0 D 0 0 0 0 0 0 0 0 
0 0 0 0 0 0 0 3 0 0 0 0 0 0 0 
0 0 0 0 0 0 0 0 X 0 0 0 0 0 0 
0 0 0 0 0 0 0 0 0 0 0 0 0 0 0 
0 0 0 0 0 0 0 0 0 0 0 0 0 0 0 
0 0 0 0 0 0 0 0 0 0 0 0 0 0 0 
0 0 0 0 0 0 0 0 0 0 0 0 0 0 0 
0 0 0 0 0 0 0 0 0 0 0 0 0 0 0 
0 0 0 0 0 0 0 0 0 0 0 0 0 0 0 


Round 2 : Pozitia Robotului: 1 2

R R 0 0 0 0 0 0 0 0 0 0 0 0 0 
2 1 0 0 0 0 0 0 0 0 0 0 0 0 0 
X 0 0 0 X 0 0 0 0 0 0 0 0 0 0 
0 0 0 0 0 0 0 0 X 0 0 0 0 0 0 
0 0 0 0 0 2 0 0 0 X 0 0 0 0 0 
0 0 0 0 0 0 0 0 0 0 0 0 0 0 0 
0 0 0 0 0 0 D 0 0 0 0 0 0 0 0 
0 0 0 0 0 0 0 3 0 0 0 0 0 0 0 
0 0 0 0 0 0 0 0 X 0 0 0 0 0 0 
0 0 0 0 0 0 0 0 0 0 0 0 0 0 0 
0 0 0 0 0 0 0 0 0 0 0 0 0 0 0 
0 0 0 0 0 0 0 0 0 0 0 0 0 0 0 
0 0 0 0 0 0 0 0 0 0 0 0 0 0 0 
0 0 0 0 0 0 0 0 0 0 0 0 0 0 0 
0 0 0 0 0 0 0 0 0 0 0 0 0 0 0 


Round 3 : Pozitia Robotului: 1 3

R R R 0 0 0 0 0 0 0 0 0 0 0 0 
2 1 0 0 0 0 0 0 0 0 0 0 0 0 0 
X 0 0 0 X 0 0 0 0 0 0 0 0 0 0 
0 0 0 0 0 0 0 0 X 0 0 0 0 0 0 
0 0 0 0 0 2 0 0 0 X 0 0 0 0 0 
0 0 0 0 0 0 0 0 0 0 0 0 0 0 0 
0 0 0 0 0 0 D 0 0 0 0 0 0 0 0 
0 0 0 0 0 0 0 3 0 0 0 0 0 0 0 
0 0 0 0 0 0 0 0 X 0 0 0 0 0 0 
0 0 0 0 0 0 0 0 0 0 0 0 0 0 0 
0 0 0 0 0 0 0 0 0 0 0 0 0 0 0 
0 0 0 0 0 0 0 0 0 0 0 0 0 0 0 
0 0 0 0 0 0 0 0 0 0 0 0 0 0 0 
0 0 0 0 0 0 0 0 0 0 0 0 0 0 0 
0 0 0 0 0 0 0 0 0 0 0 0 0 0 0 


Round 4 : Pozitia Robotului: 1 4

R R R R 0 0 0 0 0 0 0 0 0 0 0 
2 1 0 0 0 0 0 0 0 0 0 0 0 0 0 
X 0 0 0 X 0 0 0 0 0 0 0 0 0 0 
0 0 0 0 0 0 0 0 X 0 0 0 0 0 0 
0 0 0 0 0 2 0 0 0 X 0 0 0 0 0 
0 0 0 0 0 0 0 0 0 0 0 0 0 0 0 
0 0 0 0 0 0 D 0 0 0 0 0 0 0 0 
0 0 0 0 0 0 0 3 0 0 0 0 0 0 0 
0 0 0 0 0 0 0 0 X 0 0 0 0 0 0 
0 0 0 0 0 0 0 0 0 0 0 0 0 0 0 
0 0 0 0 0 0 0 0 0 0 0 0 0 0 0 
0 0 0 0 0 0 0 0 0 0 0 0 0 0 0 
0 0 0 0 0 0 0 0 0 0 0 0 0 0 0 
0 0 0 0 0 0 0 0 0 0 0 0 0 0 0 
0 0 0 0 0 0 0 0 0 0 0 0 0 0 0 


Round 5 : Pozitia Robotului: 1 5

R R R R R 0 0 0 0 0 0 0 0 0 0 
2 1 0 0 0 0 0 0 0 0 0 0 0 0 0 
X 0 0 0 X 0 0 0 0 0 0 0 0 0 0 
0 0 0 0 0 0 0 0 X 0 0 0 0 0 0 
0 0 0 0 0 2 0 0 0 X 0 0 0 0 0 
0 0 0 0 0 0 0 0 0 0 0 0 0 0 0 
0 0 0 0 0 0 D 0 0 0 0 0 0 0 0 
0 0 0 0 0 0 0 3 0 0 0 0 0 0 0 
0 0 0 0 0 0 0 0 X 0 0 0 0 0 0 
0 0 0 0 0 0 0 0 0 0 0 0 0 0 0 
0 0 0 0 0 0 0 0 0 0 0 0 0 0 0 
0 0 0 0 0 0 0 0 0 0 0 0 0 0 0 
0 0 0 0 0 0 0 0 0 0 0 0 0 0 0 
0 0 0 0 0 0 0 0 0 0 0 0 0 0 0 
0 0 0 0 0 0 0 0 0 0 0 0 0 0 0 


Round 6 : Pozitia Robotului: 1 6

R R R R R R 0 0 0 0 0 0 0 0 0 
2 1 0 0 0 0 0 0 0 0 0 0 0 0 0 
X 0 0 0 X 0 0 0 0 0 0 0 0 0 0 
0 0 0 0 0 0 0 0 X 0 0 0 0 0 0 
0 0 0 0 0 2 0 0 0 X 0 0 0 0 0 
0 0 0 0 0 0 0 0 0 0 0 0 0 0 0 
0 0 0 0 0 0 D 0 0 0 0 0 0 0 0 
0 0 0 0 0 0 0 3 0 0 0 0 0 0 0 
0 0 0 0 0 0 0 0 X 0 0 0 0 0 0 
0 0 0 0 0 0 0 0 0 0 0 0 0 0 0 
0 0 0 0 0 0 0 0 0 0 0 0 0 0 0 
0 0 0 0 0 0 0 0 0 0 0 0 0 0 0 
0 0 0 0 0 0 0 0 0 0 0 0 0 0 0 
0 0 0 0 0 0 0 0 0 0 0 0 0 0 0 
0 0 0 0 0 0 0 0 0 0 0 0 0 0 0 


Round 7 : Pozitia Robotului: 1 7

R R R R R R R 0 0 0 0 0 0 0 0 
2 1 0 0 0 0 0 0 0 0 0 0 0 0 0 
X 0 0 0 X 0 0 0 0 0 0 0 0 0 0 
0 0 0 0 0 0 0 0 X 0 0 0 0 0 0 
0 0 0 0 0 2 0 0 0 X 0 0 0 0 0 
0 0 0 0 0 0 0 0 0 0 0 0 0 0 0 
0 0 0 0 0 0 D 0 0 0 0 0 0 0 0 
0 0 0 0 0 0 0 3 0 0 0 0 0 0 0 
0 0 0 0 0 0 0 0 X 0 0 0 0 0 0 
0 0 0 0 0 0 0 0 0 0 0 0 0 0 0 
0 0 0 0 0 0 0 0 0 0 0 0 0 0 0 
0 0 0 0 0 0 0 0 0 0 0 0 0 0 0 
0 0 0 0 0 0 0 0 0 0 0 0 0 0 0 
0 0 0 0 0 0 0 0 0 0 0 0 0 0 0 
0 0 0 0 0 0 0 0 0 0 0 0 0 0 0 


Round 8 : Pozitia Robotului: 1 8

R R R R R R R R 0 0 0 0 0 0 0 
2 1 0 0 0 0 0 0 0 0 0 0 0 0 0 
X 0 0 0 X 0 0 0 0 0 0 0 0 0 0 
0 0 0 0 0 0 0 0 X 0 0 0 0 0 0 
0 0 0 0 0 2 0 0 0 X 0 0 0 0 0 
0 0 0 0 0 0 0 0 0 0 0 0 0 0 0 
0 0 0 0 0 0 D 0 0 0 0 0 0 0 0 
0 0 0 0 0 0 0 3 0 0 0 0 0 0 0 
0 0 0 0 0 0 0 0 X 0 0 0 0 0 0 
0 0 0 0 0 0 0 0 0 0 0 0 0 0 0 
0 0 0 0 0 0 0 0 0 0 0 0 0 0 0 
0 0 0 0 0 0 0 0 0 0 0 0 0 0 0 
0 0 0 0 0 0 0 0 0 0 0 0 0 0 0 
0 0 0 0 0 0 0 0 0 0 0 0 0 0 0 
0 0 0 0 0 0 0 0 0 0 0 0 0 0 0 


Round 9 : Pozitia Robotului: 1 9

R R R R R R R R R 0 0 0 0 0 0 
2 1 0 0 0 0 0 0 0 0 0 0 0 0 0 
X 0 0 0 X 0 0 0 0 0 0 0 0 0 0 
0 0 0 0 0 0 0 0 X 0 0 0 0 0 0 
0 0 0 0 0 2 0 0 0 X 0 0 0 0 0 
0 0 0 0 0 0 0 0 0 0 0 0 0 0 0 
0 0 0 0 0 0 D 0 0 0 0 0 0 0 0 
0 0 0 0 0 0 0 3 0 0 0 0 0 0 0 
0 0 0 0 0 0 0 0 X 0 0 0 0 0 0 
0 0 0 0 0 0 0 0 0 0 0 0 0 0 0 
0 0 0 0 0 0 0 0 0 0 0 0 0 0 0 
0 0 0 0 0 0 0 0 0 0 0 0 0 0 0 
0 0 0 0 0 0 0 0 0 0 0 0 0 0 0 
0 0 0 0 0 0 0 0 0 0 0 0 0 0 0 
0 0 0 0 0 0 0 0 0 0 0 0 0 0 0 


Round 10 : Pozitia Robotului: 1 10

R R R R R R R R R R 0 0 0 0 0 
2 1 0 0 0 0 0 0 0 0 0 0 0 0 0 
X 0 0 0 X 0 0 0 0 0 0 0 0 0 0 
0 0 0 0 0 0 0 0 X 0 0 0 0 0 0 
0 0 0 0 0 2 0 0 0 X 0 0 0 0 0 
0 0 0 0 0 0 0 0 0 0 0 0 0 0 0 
0 0 0 0 0 0 D 0 0 0 0 0 0 0 0 
0 0 0 0 0 0 0 3 0 0 0 0 0 0 0 
0 0 0 0 0 0 0 0 X 0 0 0 0 0 0 
0 0 0 0 0 0 0 0 0 0 0 0 0 0 0 
0 0 0 0 0 0 0 0 0 0 0 0 0 0 0 
0 0 0 0 0 0 0 0 0 0 0 0 0 0 0 
0 0 0 0 0 0 0 0 0 0 0 0 0 0 0 
0 0 0 0 0 0 0 0 0 0 0 0 0 0 0 
0 0 0 0 0 0 0 0 0 0 0 0 0 0 0 


Round 11 : Pozitia Robotului: 1 11

R R R R R R R R R R R 0 0 0 0 
2 1 0 0 0 0 0 0 0 0 0 0 0 0 0 
X 0 0 0 X 0 0 0 0 0 0 0 0 0 0 
0 0 0 0 0 0 0 0 X 0 0 0 0 0 0 
0 0 0 0 0 2 0 0 0 X 0 0 0 0 0 
0 0 0 0 0 0 0 0 0 0 0 0 0 0 0 
0 0 0 0 0 0 D 0 0 0 0 0 0 0 0 
0 0 0 0 0 0 0 3 0 0 0 0 0 0 0 
0 0 0 0 0 0 0 0 X 0 0 0 0 0 0 
0 0 0 0 0 0 0 0 0 0 0 0 0 0 0 
0 0 0 0 0 0 0 0 0 0 0 0 0 0 0 
0 0 0 0 0 0 0 0 0 0 0 0 0 0 0 
0 0 0 0 0 0 0 0 0 0 0 0 0 0 0 
0 0 0 0 0 0 0 0 0 0 0 0 0 0 0 
0 0 0 0 0 0 0 0 0 0 0 0 0 0 0 


Round 12 : Pozitia Robotului: 1 12

R R R R R R R R R R R R 0 0 0 
2 1 0 0 0 0 0 0 0 0 0 0 0 0 0 
X 0 0 0 X 0 0 0 0 0 0 0 0 0 0 
0 0 0 0 0 0 0 0 X 0 0 0 0 0 0 
0 0 0 0 0 2 0 0 0 X 0 0 0 0 0 
0 0 0 0 0 0 0 0 0 0 0 0 0 0 0 
0 0 0 0 0 0 D 0 0 0 0 0 0 0 0 
0 0 0 0 0 0 0 3 0 0 0 0 0 0 0 
0 0 0 0 0 0 0 0 X 0 0 0 0 0 0 
0 0 0 0 0 0 0 0 0 0 0 0 0 0 0 
0 0 0 0 0 0 0 0 0 0 0 0 0 0 0 
0 0 0 0 0 0 0 0 0 0 0 0 0 0 0 
0 0 0 0 0 0 0 0 0 0 0 0 0 0 0 
0 0 0 0 0 0 0 0 0 0 0 0 0 0 0 
0 0 0 0 0 0 0 0 0 0 0 0 0 0 0 


Round 13 : Pozitia Robotului: 1 13

R R R R R R R R R R R R R 0 0 
2 1 0 0 0 0 0 0 0 0 0 0 0 0 0 
X 0 0 0 X 0 0 0 0 0 0 0 0 0 0 
0 0 0 0 0 0 0 0 X 0 0 0 0 0 0 
0 0 0 0 0 2 0 0 0 X 0 0 0 0 0 
0 0 0 0 0 0 0 0 0 0 0 0 0 0 0 
0 0 0 0 0 0 D 0 0 0 0 0 0 0 0 
0 0 0 0 0 0 0 3 0 0 0 0 0 0 0 
0 0 0 0 0 0 0 0 X 0 0 0 0 0 0 
0 0 0 0 0 0 0 0 0 0 0 0 0 0 0 
0 0 0 0 0 0 0 0 0 0 0 0 0 0 0 
0 0 0 0 0 0 0 0 0 0 0 0 0 0 0 
0 0 0 0 0 0 0 0 0 0 0 0 0 0 0 
0 0 0 0 0 0 0 0 0 0 0 0 0 0 0 
0 0 0 0 0 0 0 0 0 0 0 0 0 0 0 


Round 14 : Pozitia Robotului: 1 14

R R R R R R R R R R R R R R 0 
2 1 0 0 0 0 0 0 0 0 0 0 0 0 0 
X 0 0 0 X 0 0 0 0 0 0 0 0 0 0 
0 0 0 0 0 0 0 0 X 0 0 0 0 0 0 
0 0 0 0 0 2 0 0 0 X 0 0 0 0 0 
0 0 0 0 0 0 0 0 0 0 0 0 0 0 0 
0 0 0 0 0 0 D 0 0 0 0 0 0 0 0 
0 0 0 0 0 0 0 3 0 0 0 0 0 0 0 
0 0 0 0 0 0 0 0 X 0 0 0 0 0 0 
0 0 0 0 0 0 0 0 0 0 0 0 0 0 0 
0 0 0 0 0 0 0 0 0 0 0 0 0 0 0 
0 0 0 0 0 0 0 0 0 0 0 0 0 0 0 
0 0 0 0 0 0 0 0 0 0 0 0 0 0 0 
0 0 0 0 0 0 0 0 0 0 0 0 0 0 0 
0 0 0 0 0 0 0 0 0 0 0 0 0 0 0 


Round 15 : Pozitia Robotului: 1 15

R R R R R R R R R R R R R R R 
2 1 0 0 0 0 0 0 0 0 0 0 0 0 0 
X 0 0 0 X 0 0 0 0 0 0 0 0 0 0 
0 0 0 0 0 0 0 0 X 0 0 0 0 0 0 
0 0 0 0 0 2 0 0 0 X 0 0 0 0 0 
0 0 0 0 0 0 0 0 0 0 0 0 0 0 0 
0 0 0 0 0 0 D 0 0 0 0 0 0 0 0 
0 0 0 0 0 0 0 3 0 0 0 0 0 0 0 
0 0 0 0 0 0 0 0 X 0 0 0 0 0 0 
0 0 0 0 0 0 0 0 0 0 0 0 0 0 0 
0 0 0 0 0 0 0 0 0 0 0 0 0 0 0 
0 0 0 0 0 0 0 0 0 0 0 0 0 0 0 
0 0 0 0 0 0 0 0 0 0 0 0 0 0 0 
0 0 0 0 0 0 0 0 0 0 0 0 0 0 0 
0 0 0 0 0 0 0 0 0 0 0 0 0 0 0 


Round 16 : Pozitia Robotului: 2 15

R R R R R R R R R R R R R R R 
2 1 0 0 0 0 0 0 0 0 0 0 0 0 R 
X 0 0 0 X 0 0 0 0 0 0 0 0 0 0 
0 0 0 0 0 0 0 0 X 0 0 0 0 0 0 
0 0 0 0 0 2 0 0 0 X 0 0 0 0 0 
0 0 0 0 0 0 0 0 0 0 0 0 0 0 0 
0 0 0 0 0 0 D 0 0 0 0 0 0 0 0 
0 0 0 0 0 0 0 3 0 0 0 0 0 0 0 
0 0 0 0 0 0 0 0 X 0 0 0 0 0 0 
0 0 0 0 0 0 0 0 0 0 0 0 0 0 0 
0 0 0 0 0 0 0 0 0 0 0 0 0 0 0 
0 0 0 0 0 0 0 0 0 0 0 0 0 0 0 
0 0 0 0 0 0 0 0 0 0 0 0 0 0 0 
0 0 0 0 0 0 0 0 0 0 0 0 0 0 0 
0 0 0 0 0 0 0 0 0 0 0 0 0 0 0 


Round 17 : Pozitia Robotului: 3 15

R R R R R R R R R R R R R R R 
2 1 0 0 0 0 0 0 0 0 0 0 0 0 R 
X 0 0 0 X 0 0 0 0 0 0 0 0 0 R 
0 0 0 0 0 0 0 0 X 0 0 0 0 0 0 
0 0 0 0 0 2 0 0 0 X 0 0 0 0 0 
0 0 0 0 0 0 0 0 0 0 0 0 0 0 0 
0 0 0 0 0 0 D 0 0 0 0 0 0 0 0 
0 0 0 0 0 0 0 3 0 0 0 0 0 0 0 
0 0 0 0 0 0 0 0 X 0 0 0 0 0 0 
0 0 0 0 0 0 0 0 0 0 0 0 0 0 0 
0 0 0 0 0 0 0 0 0 0 0 0 0 0 0 
0 0 0 0 0 0 0 0 0 0 0 0 0 0 0 
0 0 0 0 0 0 0 0 0 0 0 0 0 0 0 
0 0 0 0 0 0 0 0 0 0 0 0 0 0 0 
0 0 0 0 0 0 0 0 0 0 0 0 0 0 0 


Round 18 : Pozitia Robotului: 4 15

R R R R R R R R R R R R R R R 
2 1 0 0 0 0 0 0 0 0 0 0 0 0 R 
X 0 0 0 X 0 0 0 0 0 0 0 0 0 R 
0 0 0 0 0 0 0 0 X 0 0 0 0 0 R 
0 0 0 0 0 2 0 0 0 X 0 0 0 0 0 
0 0 0 0 0 0 0 0 0 0 0 0 0 0 0 
0 0 0 0 0 0 D 0 0 0 0 0 0 0 0 
0 0 0 0 0 0 0 3 0 0 0 0 0 0 0 
0 0 0 0 0 0 0 0 X 0 0 0 0 0 0 
0 0 0 0 0 0 0 0 0 0 0 0 0 0 0 
0 0 0 0 0 0 0 0 0 0 0 0 0 0 0 
0 0 0 0 0 0 0 0 0 0 0 0 0 0 0 
0 0 0 0 0 0 0 0 0 0 0 0 0 0 0 
0 0 0 0 0 0 0 0 0 0 0 0 0 0 0 
0 0 0 0 0 0 0 0 0 0 0 0 0 0 0 


Round 19 : Pozitia Robotului: 5 15

R R R R R R R R R R R R R R R 
2 1 0 0 0 0 0 0 0 0 0 0 0 0 R 
X 0 0 0 X 0 0 0 0 0 0 0 0 0 R 
0 0 0 0 0 0 0 0 X 0 0 0 0 0 R 
0 0 0 0 0 2 0 0 0 X 0 0 0 0 R 
0 0 0 0 0 0 0 0 0 0 0 0 0 0 0 
0 0 0 0 0 0 D 0 0 0 0 0 0 0 0 
0 0 0 0 0 0 0 3 0 0 0 0 0 0 0 
0 0 0 0 0 0 0 0 X 0 0 0 0 0 0 
0 0 0 0 0 0 0 0 0 0 0 0 0 0 0 
0 0 0 0 0 0 0 0 0 0 0 0 0 0 0 
0 0 0 0 0 0 0 0 0 0 0 0 0 0 0 
0 0 0 0 0 0 0 0 0 0 0 0 0 0 0 
0 0 0 0 0 0 0 0 0 0 0 0 0 0 0 
0 0 0 0 0 0 0 0 0 0 0 0 0 0 0 


Round 20 : Pozitia Robotului: 6 15

R R R R R R R R R R R R R R R 
2 1 0 0 0 0 0 0 0 0 0 0 0 0 R 
X 0 0 0 X 0 0 0 0 0 0 0 0 0 R 
0 0 0 0 0 0 0 0 X 0 0 0 0 0 R 
0 0 0 0 0 2 0 0 0 X 0 0 0 0 R 
0 0 0 0 0 0 0 0 0 0 0 0 0 0 R 
0 0 0 0 0 0 D 0 0 0 0 0 0 0 0 
0 0 0 0 0 0 0 3 0 0 0 0 0 0 0 
0 0 0 0 0 0 0 0 X 0 0 0 0 0 0 
0 0 0 0 0 0 0 0 0 0 0 0 0 0 0 
0 0 0 0 0 0 0 0 0 0 0 0 0 0 0 
0 0 0 0 0 0 0 0 0 0 0 0 0 0 0 
0 0 0 0 0 0 0 0 0 0 0 0 0 0 0 
0 0 0 0 0 0 0 0 0 0 0 0 0 0 0 
0 0 0 0 0 0 0 0 0 0 0 0 0 0 0 


Round 21 : Pozitia Robotului: 7 15

R R R R R R R R R R R R R R R 
2 1 0 0 0 0 0 0 0 0 0 0 0 0 R 
X 0 0 0 X 0 0 0 0 0 0 0 0 0 R 
0 0 0 0 0 0 0 0 X 0 0 0 0 0 R 
0 0 0 0 0 2 0 0 0 X 0 0 0 0 R 
0 0 0 0 0 0 0 0 0 0 0 0 0 0 R 
0 0 0 0 0 0 D 0 0 0 0 0 0 0 R 
0 0 0 0 0 0 0 3 0 0 0 0 0 0 0 
0 0 0 0 0 0 0 0 X 0 0 0 0 0 0 
0 0 0 0 0 0 0 0 0 0 0 0 0 0 0 
0 0 0 0 0 0 0 0 0 0 0 0 0 0 0 
0 0 0 0 0 0 0 0 0 0 0 0 0 0 0 
0 0 0 0 0 0 0 0 0 0 0 0 0 0 0 
0 0 0 0 0 0 0 0 0 0 0 0 0 0 0 
0 0 0 0 0 0 0 0 0 0 0 0 0 0 0 


Round 22 : Pozitia Robotului: 8 15

R R R R R R R R R R R R R R R 
2 1 0 0 0 0 0 0 0 0 0 0 0 0 R 
X 0 0 0 X 0 0 0 0 0 0 0 0 0 R 
0 0 0 0 0 0 0 0 X 0 0 0 0 0 R 
0 0 0 0 0 2 0 0 0 X 0 0 0 0 R 
0 0 0 0 0 0 0 0 0 0 0 0 0 0 R 
0 0 0 0 0 0 D 0 0 0 0 0 0 0 R 
0 0 0 0 0 0 0 3 0 0 0 0 0 0 R 
0 0 0 0 0 0 0 0 X 0 0 0 0 0 0 
0 0 0 0 0 0 0 0 0 0 0 0 0 0 0 
0 0 0 0 0 0 0 0 0 0 0 0 0 0 0 
0 0 0 0 0 0 0 0 0 0 0 0 0 0 0 
0 0 0 0 0 0 0 0 0 0 0 0 0 0 0 
0 0 0 0 0 0 0 0 0 0 0 0 0 0 0 
0 0 0 0 0 0 0 0 0 0 0 0 0 0 0 


Round 23 : Pozitia Robotului: 9 15

R R R R R R R R R R R R R R R 
2 1 0 0 0 0 0 0 0 0 0 0 0 0 R 
X 0 0 0 X 0 0 0 0 0 0 0 0 0 R 
0 0 0 0 0 0 0 0 X 0 0 0 0 0 R 
0 0 0 0 0 2 0 0 0 X 0 0 0 0 R 
0 0 0 0 0 0 0 0 0 0 0 0 0 0 R 
0 0 0 0 0 0 D 0 0 0 0 0 0 0 R 
0 0 0 0 0 0 0 3 0 0 0 0 0 0 R 
0 0 0 0 0 0 0 0 X 0 0 0 0 0 R 
0 0 0 0 0 0 0 0 0 0 0 0 0 0 0 
0 0 0 0 0 0 0 0 0 0 0 0 0 0 0 
0 0 0 0 0 0 0 0 0 0 0 0 0 0 0 
0 0 0 0 0 0 0 0 0 0 0 0 0 0 0 
0 0 0 0 0 0 0 0 0 0 0 0 0 0 0 
0 0 0 0 0 0 0 0 0 0 0 0 0 0 0 


Round 24 : Pozitia Robotului: 10 15

R R R R R R R R R R R R R R R 
2 1 0 0 0 0 0 0 0 0 0 0 0 0 R 
X 0 0 0 X 0 0 0 0 0 0 0 0 0 R 
0 0 0 0 0 0 0 0 X 0 0 0 0 0 R 
0 0 0 0 0 2 0 0 0 X 0 0 0 0 R 
0 0 0 0 0 0 0 0 0 0 0 0 0 0 R 
0 0 0 0 0 0 D 0 0 0 0 0 0 0 R 
0 0 0 0 0 0 0 3 0 0 0 0 0 0 R 
0 0 0 0 0 0 0 0 X 0 0 0 0 0 R 
0 0 0 0 0 0 0 0 0 0 0 0 0 0 R 
0 0 0 0 0 0 0 0 0 0 0 0 0 0 0 
0 0 0 0 0 0 0 0 0 0 0 0 0 0 0 
0 0 0 0 0 0 0 0 0 0 0 0 0 0 0 
0 0 0 0 0 0 0 0 0 0 0 0 0 0 0 
0 0 0 0 0 0 0 0 0 0 0 0 0 0 0 


Round 25 : Pozitia Robotului: 11 15

R R R R R R R R R R R R R R R 
2 1 0 0 0 0 0 0 0 0 0 0 0 0 R 
X 0 0 0 X 0 0 0 0 0 0 0 0 0 R 
0 0 0 0 0 0 0 0 X 0 0 0 0 0 R 
0 0 0 0 0 2 0 0 0 X 0 0 0 0 R 
0 0 0 0 0 0 0 0 0 0 0 0 0 0 R 
0 0 0 0 0 0 D 0 0 0 0 0 0 0 R 
0 0 0 0 0 0 0 3 0 0 0 0 0 0 R 
0 0 0 0 0 0 0 0 X 0 0 0 0 0 R 
0 0 0 0 0 0 0 0 0 0 0 0 0 0 R 
0 0 0 0 0 0 0 0 0 0 0 0 0 0 R 
0 0 0 0 0 0 0 0 0 0 0 0 0 0 0 
0 0 0 0 0 0 0 0 0 0 0 0 0 0 0 
0 0 0 0 0 0 0 0 0 0 0 0 0 0 0 
0 0 0 0 0 0 0 0 0 0 0 0 0 0 0 


Round 26 : Pozitia Robotului: 12 15

R R R R R R R R R R R R R R R 
2 1 0 0 0 0 0 0 0 0 0 0 0 0 R 
X 0 0 0 X 0 0 0 0 0 0 0 0 0 R 
0 0 0 0 0 0 0 0 X 0 0 0 0 0 R 
0 0 0 0 0 2 0 0 0 X 0 0 0 0 R 
0 0 0 0 0 0 0 0 0 0 0 0 0 0 R 
0 0 0 0 0 0 D 0 0 0 0 0 0 0 R 
0 0 0 0 0 0 0 3 0 0 0 0 0 0 R 
0 0 0 0 0 0 0 0 X 0 0 0 0 0 R 
0 0 0 0 0 0 0 0 0 0 0 0 0 0 R 
0 0 0 0 0 0 0 0 0 0 0 0 0 0 R 
0 0 0 0 0 0 0 0 0 0 0 0 0 0 R 
0 0 0 0 0 0 0 0 0 0 0 0 0 0 0 
0 0 0 0 0 0 0 0 0 0 0 0 0 0 0 
0 0 0 0 0 0 0 0 0 0 0 0 0 0 0 


Round 27 : Pozitia Robotului: 13 15

R R R R R R R R R R R R R R R 
2 1 0 0 0 0 0 0 0 0 0 0 0 0 R 
X 0 0 0 X 0 0 0 0 0 0 0 0 0 R 
0 0 0 0 0 0 0 0 X 0 0 0 0 0 R 
0 0 0 0 0 2 0 0 0 X 0 0 0 0 R 
0 0 0 0 0 0 0 0 0 0 0 0 0 0 R 
0 0 0 0 0 0 D 0 0 0 0 0 0 0 R 
0 0 0 0 0 0 0 3 0 0 0 0 0 0 R 
0 0 0 0 0 0 0 0 X 0 0 0 0 0 R 
0 0 0 0 0 0 0 0 0 0 0 0 0 0 R 
0 0 0 0 0 0 0 0 0 0 0 0 0 0 R 
0 0 0 0 0 0 0 0 0 0 0 0 0 0 R 
0 0 0 0 0 0 0 0 0 0 0 0 0 0 R 
0 0 0 0 0 0 0 0 0 0 0 0 0 0 0 
0 0 0 0 0 0 0 0 0 0 0 0 0 0 0 


Round 28 : Pozitia Robotului: 14 15

R R R R R R R R R R R R R R R 
2 1 0 0 0 0 0 0 0 0 0 0 0 0 R 
X 0 0 0 X 0 0 0 0 0 0 0 0 0 R 
0 0 0 0 0 0 0 0 X 0 0 0 0 0 R 
0 0 0 0 0 2 0 0 0 X 0 0 0 0 R 
0 0 0 0 0 0 0 0 0 0 0 0 0 0 R 
0 0 0 0 0 0 D 0 0 0 0 0 0 0 R 
0 0 0 0 0 0 0 3 0 0 0 0 0 0 R 
0 0 0 0 0 0 0 0 X 0 0 0 0 0 R 
0 0 0 0 0 0 0 0 0 0 0 0 0 0 R 
0 0 0 0 0 0 0 0 0 0 0 0 0 0 R 
0 0 0 0 0 0 0 0 0 0 0 0 0 0 R 
0 0 0 0 0 0 0 0 0 0 0 0 0 0 R 
0 0 0 0 0 0 0 0 0 0 0 0 0 0 R 
0 0 0 0 0 0 0 0 0 0 0 0 0 0 0 


Round 29 : Pozitia Robotului: 15 15

R R R R R R R R R R R R R R R 
2 1 0 0 0 0 0 0 0 0 0 0 0 0 R 
X 0 0 0 X 0 0 0 0 0 0 0 0 0 R 
0 0 0 0 0 0 0 0 X 0 0 0 0 0 R 
0 0 0 0 0 2 0 0 0 X 0 0 0 0 R 
0 0 0 0 0 0 0 0 0 0 0 0 0 0 R 
0 0 0 0 0 0 D 0 0 0 0 0 0 0 R 
0 0 0 0 0 0 0 3 0 0 0 0 0 0 R 
0 0 0 0 0 0 0 0 X 0 0 0 0 0 R 
0 0 0 0 0 0 0 0 0 0 0 0 0 0 R 
0 0 0 0 0 0 0 0 0 0 0 0 0 0 R 
0 0 0 0 0 0 0 0 0 0 0 0 0 0 R 
0 0 0 0 0 0 0 0 0 0 0 0 0 0 R 
0 0 0 0 0 0 0 0 0 0 0 0 0 0 R 
0 0 0 0 0 0 0 0 0 0 0 0 0 0 R 


Round 30 : Pozitia Robotului: 15 15

R R R R R R R R R R R R R R R 
2 1 0 0 0 0 0 0 0 0 0 0 0 0 R 
X 0 0 0 X 0 0 0 0 0 0 0 0 0 R 
0 0 0 0 0 0 0 0 X 0 0 0 0 0 R 
0 0 0 0 0 2 0 0 0 X 0 0 0 0 R 
0 0 0 0 0 0 0 0 0 0 0 0 0 0 R 
0 0 0 0 0 0 D 0 0 0 0 0 0 0 R 
0 0 0 0 0 0 0 3 0 0 0 0 0 0 R 
0 0 0 0 0 0 0 0 X 0 0 0 0 0 R 
0 0 0 0 0 0 0 0 0 0 0 0 0 0 R 
0 0 0 0 0 0 0 0 0 0 0 0 0 0 R 
0 0 0 0 0 0 0 0 0 0 0 0 0 0 R 
0 0 0 0 0 0 0 0 0 0 0 0 0 0 R 
0 0 0 0 0 0 0 0 0 0 0 0 0 0 R 
0 0 0 0 0 0 0 0 0 0 0 0 0 0 R 


Round 31 : Pozitia Robotului: 15 14

R R R R R R R R R R R R R R R 
2 1 0 0 0 0 0 0 0 0 0 0 0 0 R 
X 0 0 0 X 0 0 0 0 0 0 0 0 0 R 
0 0 0 0 0 0 0 0 X 0 0 0 0 0 R 
0 0 0 0 0 2 0 0 0 X 0 0 0 0 R 
0 0 0 0 0 0 0 0 0 0 0 0 0 0 R 
0 0 0 0 0 0 D 0 0 0 0 0 0 0 R 
0 0 0 0 0 0 0 3 0 0 0 0 0 0 R 
0 0 0 0 0 0 0 0 X 0 0 0 0 0 R 
0 0 0 0 0 0 0 0 0 0 0 0 0 0 R 
0 0 0 0 0 0 0 0 0 0 0 0 0 0 R 
0 0 0 0 0 0 0 0 0 0 0 0 0 0 R 
0 0 0 0 0 0 0 0 0 0 0 0 0 0 R 
0 0 0 0 0 0 0 0 0 0 0 0 0 0 R 
0 0 0 0 0 0 0 0 0 0 0 0 0 R R 


Round 32 : Pozitia Robotului: 15 13

R R R R R R R R R R R R R R R 
2 1 0 0 0 0 0 0 0 0 0 0 0 0 R 
X 0 0 0 X 0 0 0 0 0 0 0 0 0 R 
0 0 0 0 0 0 0 0 X 0 0 0 0 0 R 
0 0 0 0 0 2 0 0 0 X 0 0 0 0 R 
0 0 0 0 0 0 0 0 0 0 0 0 0 0 R 
0 0 0 0 0 0 D 0 0 0 0 0 0 0 R 
0 0 0 0 0 0 0 3 0 0 0 0 0 0 R 
0 0 0 0 0 0 0 0 X 0 0 0 0 0 R 
0 0 0 0 0 0 0 0 0 0 0 0 0 0 R 
0 0 0 0 0 0 0 0 0 0 0 0 0 0 R 
0 0 0 0 0 0 0 0 0 0 0 0 0 0 R 
0 0 0 0 0 0 0 0 0 0 0 0 0 0 R 
0 0 0 0 0 0 0 0 0 0 0 0 0 0 R 
0 0 0 0 0 0 0 0 0 0 0 0 R R R 


Round 33 : Pozitia Robotului: 15 12

R R R R R R R R R R R R R R R 
2 1 0 0 0 0 0 0 0 0 0 0 0 0 R 
X 0 0 0 X 0 0 0 0 0 0 0 0 0 R 
0 0 0 0 0 0 0 0 X 0 0 0 0 0 R 
0 0 0 0 0 2 0 0 0 X 0 0 0 0 R 
0 0 0 0 0 0 0 0 0 0 0 0 0 0 R 
0 0 0 0 0 0 D 0 0 0 0 0 0 0 R 
0 0 0 0 0 0 0 3 0 0 0 0 0 0 R 
0 0 0 0 0 0 0 0 X 0 0 0 0 0 R 
0 0 0 0 0 0 0 0 0 0 0 0 0 0 R 
0 0 0 0 0 0 0 0 0 0 0 0 0 0 R 
0 0 0 0 0 0 0 0 0 0 0 0 0 0 R 
0 0 0 0 0 0 0 0 0 0 0 0 0 0 R 
0 0 0 0 0 0 0 0 0 0 0 0 0 0 R 
0 0 0 0 0 0 0 0 0 0 0 R R R R 


Round 34 : Pozitia Robotului: 15 11

R R R R R R R R R R R R R R R 
2 1 0 0 0 0 0 0 0 0 0 0 0 0 R 
X 0 0 0 X 0 0 0 0 0 0 0 0 0 R 
0 0 0 0 0 0 0 0 X 0 0 0 0 0 R 
0 0 0 0 0 2 0 0 0 X 0 0 0 0 R 
0 0 0 0 0 0 0 0 0 0 0 0 0 0 R 
0 0 0 0 0 0 D 0 0 0 0 0 0 0 R 
0 0 0 0 0 0 0 3 0 0 0 0 0 0 R 
0 0 0 0 0 0 0 0 X 0 0 0 0 0 R 
0 0 0 0 0 0 0 0 0 0 0 0 0 0 R 
0 0 0 0 0 0 0 0 0 0 0 0 0 0 R 
0 0 0 0 0 0 0 0 0 0 0 0 0 0 R 
0 0 0 0 0 0 0 0 0 0 0 0 0 0 R 
0 0 0 0 0 0 0 0 0 0 0 0 0 0 R 
0 0 0 0 0 0 0 0 0 0 R R R R R 


Round 35 : Pozitia Robotului: 15 10

R R R R R R R R R R R R R R R 
2 1 0 0 0 0 0 0 0 0 0 0 0 0 R 
X 0 0 0 X 0 0 0 0 0 0 0 0 0 R 
0 0 0 0 0 0 0 0 X 0 0 0 0 0 R 
0 0 0 0 0 2 0 0 0 X 0 0 0 0 R 
0 0 0 0 0 0 0 0 0 0 0 0 0 0 R 
0 0 0 0 0 0 D 0 0 0 0 0 0 0 R 
0 0 0 0 0 0 0 3 0 0 0 0 0 0 R 
0 0 0 0 0 0 0 0 X 0 0 0 0 0 R 
0 0 0 0 0 0 0 0 0 0 0 0 0 0 R 
0 0 0 0 0 0 0 0 0 0 0 0 0 0 R 
0 0 0 0 0 0 0 0 0 0 0 0 0 0 R 
0 0 0 0 0 0 0 0 0 0 0 0 0 0 R 
0 0 0 0 0 0 0 0 0 0 0 0 0 0 R 
0 0 0 0 0 0 0 0 0 R R R R R R 


Round 36 : Pozitia Robotului: 15 9

R R R R R R R R R R R R R R R 
2 1 0 0 0 0 0 0 0 0 0 0 0 0 R 
X 0 0 0 X 0 0 0 0 0 0 0 0 0 R 
0 0 0 0 0 0 0 0 X 0 0 0 0 0 R 
0 0 0 0 0 2 0 0 0 X 0 0 0 0 R 
0 0 0 0 0 0 0 0 0 0 0 0 0 0 R 
0 0 0 0 0 0 D 0 0 0 0 0 0 0 R 
0 0 0 0 0 0 0 3 0 0 0 0 0 0 R 
0 0 0 0 0 0 0 0 X 0 0 0 0 0 R 
0 0 0 0 0 0 0 0 0 0 0 0 0 0 R 
0 0 0 0 0 0 0 0 0 0 0 0 0 0 R 
0 0 0 0 0 0 0 0 0 0 0 0 0 0 R 
0 0 0 0 0 0 0 0 0 0 0 0 0 0 R 
0 0 0 0 0 0 0 0 0 0 0 0 0 0 R 
0 0 0 0 0 0 0 0 R R R R R R R 


Round 37 : Pozitia Robotului: 15 8

R R R R R R R R R R R R R R R 
2 1 0 0 0 0 0 0 0 0 0 0 0 0 R 
X 0 0 0 X 0 0 0 0 0 0 0 0 0 R 
0 0 0 0 0 0 0 0 X 0 0 0 0 0 R 
0 0 0 0 0 2 0 0 0 X 0 0 0 0 R 
0 0 0 0 0 0 0 0 0 0 0 0 0 0 R 
0 0 0 0 0 0 D 0 0 0 0 0 0 0 R 
0 0 0 0 0 0 0 3 0 0 0 0 0 0 R 
0 0 0 0 0 0 0 0 X 0 0 0 0 0 R 
0 0 0 0 0 0 0 0 0 0 0 0 0 0 R 
0 0 0 0 0 0 0 0 0 0 0 0 0 0 R 
0 0 0 0 0 0 0 0 0 0 0 0 0 0 R 
0 0 0 0 0 0 0 0 0 0 0 0 0 0 R 
0 0 0 0 0 0 0 0 0 0 0 0 0 0 R 
0 0 0 0 0 0 0 R R R R R R R R 


Round 38 : Pozitia Robotului: 15 7

R R R R R R R R R R R R R R R 
2 1 0 0 0 0 0 0 0 0 0 0 0 0 R 
X 0 0 0 X 0 0 0 0 0 0 0 0 0 R 
0 0 0 0 0 0 0 0 X 0 0 0 0 0 R 
0 0 0 0 0 2 0 0 0 X 0 0 0 0 R 
0 0 0 0 0 0 0 0 0 0 0 0 0 0 R 
0 0 0 0 0 0 D 0 0 0 0 0 0 0 R 
0 0 0 0 0 0 0 3 0 0 0 0 0 0 R 
0 0 0 0 0 0 0 0 X 0 0 0 0 0 R 
0 0 0 0 0 0 0 0 0 0 0 0 0 0 R 
0 0 0 0 0 0 0 0 0 0 0 0 0 0 R 
0 0 0 0 0 0 0 0 0 0 0 0 0 0 R 
0 0 0 0 0 0 0 0 0 0 0 0 0 0 R 
0 0 0 0 0 0 0 0 0 0 0 0 0 0 R 
0 0 0 0 0 0 R R R R R R R R R 


Round 39 : Pozitia Robotului: 15 6

R R R R R R R R R R R R R R R 
2 1 0 0 0 0 0 0 0 0 0 0 0 0 R 
X 0 0 0 X 0 0 0 0 0 0 0 0 0 R 
0 0 0 0 0 0 0 0 X 0 0 0 0 0 R 
0 0 0 0 0 2 0 0 0 X 0 0 0 0 R 
0 0 0 0 0 0 0 0 0 0 0 0 0 0 R 
0 0 0 0 0 0 D 0 0 0 0 0 0 0 R 
0 0 0 0 0 0 0 3 0 0 0 0 0 0 R 
0 0 0 0 0 0 0 0 X 0 0 0 0 0 R 
0 0 0 0 0 0 0 0 0 0 0 0 0 0 R 
0 0 0 0 0 0 0 0 0 0 0 0 0 0 R 
0 0 0 0 0 0 0 0 0 0 0 0 0 0 R 
0 0 0 0 0 0 0 0 0 0 0 0 0 0 R 
0 0 0 0 0 0 0 0 0 0 0 0 0 0 R 
0 0 0 0 0 R R R R R R R R R R 


Round 40 : Pozitia Robotului: 15 5

R R R R R R R R R R R R R R R 
2 1 0 0 0 0 0 0 0 0 0 0 0 0 R 
X 0 0 0 X 0 0 0 0 0 0 0 0 0 R 
0 0 0 0 0 0 0 0 X 0 0 0 0 0 R 
0 0 0 0 0 2 0 0 0 X 0 0 0 0 R 
0 0 0 0 0 0 0 0 0 0 0 0 0 0 R 
0 0 0 0 0 0 D 0 0 0 0 0 0 0 R 
0 0 0 0 0 0 0 3 0 0 0 0 0 0 R 
0 0 0 0 0 0 0 0 X 0 0 0 0 0 R 
0 0 0 0 0 0 0 0 0 0 0 0 0 0 R 
0 0 0 0 0 0 0 0 0 0 0 0 0 0 R 
0 0 0 0 0 0 0 0 0 0 0 0 0 0 R 
0 0 0 0 0 0 0 0 0 0 0 0 0 0 R 
0 0 0 0 0 0 0 0 0 0 0 0 0 0 R 
0 0 0 0 R R R R R R R R R R R 


Round 41 : Pozitia Robotului: 15 4

R R R R R R R R R R R R R R R 
2 1 0 0 0 0 0 0 0 0 0 0 0 0 R 
X 0 0 0 X 0 0 0 0 0 0 0 0 0 R 
0 0 0 0 0 0 0 0 X 0 0 0 0 0 R 
0 0 0 0 0 2 0 0 0 X 0 0 0 0 R 
0 0 0 0 0 0 0 0 0 0 0 0 0 0 R 
0 0 0 0 0 0 D 0 0 0 0 0 0 0 R 
0 0 0 0 0 0 0 3 0 0 0 0 0 0 R 
0 0 0 0 0 0 0 0 X 0 0 0 0 0 R 
0 0 0 0 0 0 0 0 0 0 0 0 0 0 R 
0 0 0 0 0 0 0 0 0 0 0 0 0 0 R 
0 0 0 0 0 0 0 0 0 0 0 0 0 0 R 
0 0 0 0 0 0 0 0 0 0 0 0 0 0 R 
0 0 0 0 0 0 0 0 0 0 0 0 0 0 R 
0 0 0 R R R R R R R R R R R R 


Round 42 : Pozitia Robotului: 15 3

R R R R R R R R R R R R R R R 
2 1 0 0 0 0 0 0 0 0 0 0 0 0 R 
X 0 0 0 X 0 0 0 0 0 0 0 0 0 R 
0 0 0 0 0 0 0 0 X 0 0 0 0 0 R 
0 0 0 0 0 2 0 0 0 X 0 0 0 0 R 
0 0 0 0 0 0 0 0 0 0 0 0 0 0 R 
0 0 0 0 0 0 D 0 0 0 0 0 0 0 R 
0 0 0 0 0 0 0 3 0 0 0 0 0 0 R 
0 0 0 0 0 0 0 0 X 0 0 0 0 0 R 
0 0 0 0 0 0 0 0 0 0 0 0 0 0 R 
0 0 0 0 0 0 0 0 0 0 0 0 0 0 R 
0 0 0 0 0 0 0 0 0 0 0 0 0 0 R 
0 0 0 0 0 0 0 0 0 0 0 0 0 0 R 
0 0 0 0 0 0 0 0 0 0 0 0 0 0 R 
0 0 R R R R R R R R R R R R R 


Round 43 : Pozitia Robotului: 15 2

R R R R R R R R R R R R R R R 
2 1 0 0 0 0 0 0 0 0 0 0 0 0 R 
X 0 0 0 X 0 0 0 0 0 0 0 0 0 R 
0 0 0 0 0 0 0 0 X 0 0 0 0 0 R 
0 0 0 0 0 2 0 0 0 X 0 0 0 0 R 
0 0 0 0 0 0 0 0 0 0 0 0 0 0 R 
0 0 0 0 0 0 D 0 0 0 0 0 0 0 R 
0 0 0 0 0 0 0 3 0 0 0 0 0 0 R 
0 0 0 0 0 0 0 0 X 0 0 0 0 0 R 
0 0 0 0 0 0 0 0 0 0 0 0 0 0 R 
0 0 0 0 0 0 0 0 0 0 0 0 0 0 R 
0 0 0 0 0 0 0 0 0 0 0 0 0 0 R 
0 0 0 0 0 0 0 0 0 0 0 0 0 0 R 
0 0 0 0 0 0 0 0 0 0 0 0 0 0 R 
0 R R R R R R R R R R R R R R 


Round 44 : Pozitia Robotului: 15 1

R R R R R R R R R R R R R R R 
2 1 0 0 0 0 0 0 0 0 0 0 0 0 R 
X 0 0 0 X 0 0 0 0 0 0 0 0 0 R 
0 0 0 0 0 0 0 0 X 0 0 0 0 0 R 
0 0 0 0 0 2 0 0 0 X 0 0 0 0 R 
0 0 0 0 0 0 0 0 0 0 0 0 0 0 R 
0 0 0 0 0 0 D 0 0 0 0 0 0 0 R 
0 0 0 0 0 0 0 3 0 0 0 0 0 0 R 
0 0 0 0 0 0 0 0 X 0 0 0 0 0 R 
0 0 0 0 0 0 0 0 0 0 0 0 0 0 R 
0 0 0 0 0 0 0 0 0 0 0 0 0 0 R 
0 0 0 0 0 0 0 0 0 0 0 0 0 0 R 
0 0 0 0 0 0 0 0 0 0 0 0 0 0 R 
0 0 0 0 0 0 0 0 0 0 0 0 0 0 R 
R R R R R R R R R R R R R R R 


Round 45 : Pozitia Robotului: 14 1

R R R R R R R R R R R R R R R 
2 1 0 0 0 0 0 0 0 0 0 0 0 0 R 
X 0 0 0 X 0 0 0 0 0 0 0 0 0 R 
0 0 0 0 0 0 0 0 X 0 0 0 0 0 R 
0 0 0 0 0 2 0 0 0 X 0 0 0 0 R 
0 0 0 0 0 0 0 0 0 0 0 0 0 0 R 
0 0 0 0 0 0 D 0 0 0 0 0 0 0 R 
0 0 0 0 0 0 0 3 0 0 0 0 0 0 R 
0 0 0 0 0 0 0 0 X 0 0 0 0 0 R 
0 0 0 0 0 0 0 0 0 0 0 0 0 0 R 
0 0 0 0 0 0 0 0 0 0 0 0 0 0 R 
0 0 0 0 0 0 0 0 0 0 0 0 0 0 R 
0 0 0 0 0 0 0 0 0 0 0 0 0 0 R 
R 0 0 0 0 0 0 0 0 0 0 0 0 0 R 
R R R R R R R R R R R R R R R 


Round 46 : Pozitia Robotului: 13 1

R R R R R R R R R R R R R R R 
2 1 0 0 0 0 0 0 0 0 0 0 0 0 R 
X 0 0 0 X 0 0 0 0 0 0 0 0 0 R 
0 0 0 0 0 0 0 0 X 0 0 0 0 0 R 
0 0 0 0 0 2 0 0 0 X 0 0 0 0 R 
0 0 0 0 0 0 0 0 0 0 0 0 0 0 R 
0 0 0 0 0 0 D 0 0 0 0 0 0 0 R 
0 0 0 0 0 0 0 3 0 0 0 0 0 0 R 
0 0 0 0 0 0 0 0 X 0 0 0 0 0 R 
0 0 0 0 0 0 0 0 0 0 0 0 0 0 R 
0 0 0 0 0 0 0 0 0 0 0 0 0 0 R 
0 0 0 0 0 0 0 0 0 0 0 0 0 0 R 
R 0 0 0 0 0 0 0 0 0 0 0 0 0 R 
R 0 0 0 0 0 0 0 0 0 0 0 0 0 R 
R R R R R R R R R R R R R R R 


Round 47 : Pozitia Robotului: 12 1

R R R R R R R R R R R R R R R 
2 1 0 0 0 0 0 0 0 0 0 0 0 0 R 
X 0 0 0 X 0 0 0 0 0 0 0 0 0 R 
0 0 0 0 0 0 0 0 X 0 0 0 0 0 R 
0 0 0 0 0 2 0 0 0 X 0 0 0 0 R 
0 0 0 0 0 0 0 0 0 0 0 0 0 0 R 
0 0 0 0 0 0 D 0 0 0 0 0 0 0 R 
0 0 0 0 0 0 0 3 0 0 0 0 0 0 R 
0 0 0 0 0 0 0 0 X 0 0 0 0 0 R 
0 0 0 0 0 0 0 0 0 0 0 0 0 0 R 
0 0 0 0 0 0 0 0 0 0 0 0 0 0 R 
R 0 0 0 0 0 0 0 0 0 0 0 0 0 R 
R 0 0 0 0 0 0 0 0 0 0 0 0 0 R 
R 0 0 0 0 0 0 0 0 0 0 0 0 0 R 
R R R R R R R R R R R R R R R 


Round 48 : Pozitia Robotului: 11 1

R R R R R R R R R R R R R R R 
2 1 0 0 0 0 0 0 0 0 0 0 0 0 R 
X 0 0 0 X 0 0 0 0 0 0 0 0 0 R 
0 0 0 0 0 0 0 0 X 0 0 0 0 0 R 
0 0 0 0 0 2 0 0 0 X 0 0 0 0 R 
0 0 0 0 0 0 0 0 0 0 0 0 0 0 R 
0 0 0 0 0 0 D 0 0 0 0 0 0 0 R 
0 0 0 0 0 0 0 3 0 0 0 0 0 0 R 
0 0 0 0 0 0 0 0 X 0 0 0 0 0 R 
0 0 0 0 0 0 0 0 0 0 0 0 0 0 R 
R 0 0 0 0 0 0 0 0 0 0 0 0 0 R 
R 0 0 0 0 0 0 0 0 0 0 0 0 0 R 
R 0 0 0 0 0 0 0 0 0 0 0 0 0 R 
R 0 0 0 0 0 0 0 0 0 0 0 0 0 R 
R R R R R R R R R R R R R R R 


Round 49 : Pozitia Robotului: 10 1

R R R R R R R R R R R R R R R 
2 1 0 0 0 0 0 0 0 0 0 0 0 0 R 
X 0 0 0 X 0 0 0 0 0 0 0 0 0 R 
0 0 0 0 0 0 0 0 X 0 0 0 0 0 R 
0 0 0 0 0 2 0 0 0 X 0 0 0 0 R 
0 0 0 0 0 0 0 0 0 0 0 0 0 0 R 
0 0 0 0 0 0 D 0 0 0 0 0 0 0 R 
0 0 0 0 0 0 0 3 0 0 0 0 0 0 R 
0 0 0 0 0 0 0 0 X 0 0 0 0 0 R 
R 0 0 0 0 0 0 0 0 0 0 0 0 0 R 
R 0 0 0 0 0 0 0 0 0 0 0 0 0 R 
R 0 0 0 0 0 0 0 0 0 0 0 0 0 R 
R 0 0 0 0 0 0 0 0 0 0 0 0 0 R 
R 0 0 0 0 0 0 0 0 0 0 0 0 0 R 
R R R R R R R R R R R R R R R 


Round 50 : Pozitia Robotului: 9 1

R R R R R R R R R R R R R R R 
2 1 0 0 0 0 0 0 0 0 0 0 0 0 R 
X 0 0 0 X 0 0 0 0 0 0 0 0 0 R 
0 0 0 0 0 0 0 0 X 0 0 0 0 0 R 
0 0 0 0 0 2 0 0 0 X 0 0 0 0 R 
0 0 0 0 0 0 0 0 0 0 0 0 0 0 R 
0 0 0 0 0 0 D 0 0 0 0 0 0 0 R 
0 0 0 0 0 0 0 3 0 0 0 0 0 0 R 
R 0 0 0 0 0 0 0 X 0 0 0 0 0 R 
R 0 0 0 0 0 0 0 0 0 0 0 0 0 R 
R 0 0 0 0 0 0 0 0 0 0 0 0 0 R 
R 0 0 0 0 0 0 0 0 0 0 0 0 0 R 
R 0 0 0 0 0 0 0 0 0 0 0 0 0 R 
R 0 0 0 0 0 0 0 0 0 0 0 0 0 R 
R R R R R R R R R R R R R R R 


Round 51 : Pozitia Robotului: 8 1

R R R R R R R R R R R R R R R 
2 1 0 0 0 0 0 0 0 0 0 0 0 0 R 
X 0 0 0 X 0 0 0 0 0 0 0 0 0 R 
0 0 0 0 0 0 0 0 X 0 0 0 0 0 R 
0 0 0 0 0 2 0 0 0 X 0 0 0 0 R 
0 0 0 0 0 0 0 0 0 0 0 0 0 0 R 
0 0 0 0 0 0 D 0 0 0 0 0 0 0 R 
R 0 0 0 0 0 0 3 0 0 0 0 0 0 R 
R 0 0 0 0 0 0 0 X 0 0 0 0 0 R 
R 0 0 0 0 0 0 0 0 0 0 0 0 0 R 
R 0 0 0 0 0 0 0 0 0 0 0 0 0 R 
R 0 0 0 0 0 0 0 0 0 0 0 0 0 R 
R 0 0 0 0 0 0 0 0 0 0 0 0 0 R 
R 0 0 0 0 0 0 0 0 0 0 0 0 0 R 
R R R R R R R R R R R R R R R 


Round 52 : Pozitia Robotului: 7 1

R R R R R R R R R R R R R R R 
2 1 0 0 0 0 0 0 0 0 0 0 0 0 R 
X 0 0 0 X 0 0 0 0 0 0 0 0 0 R 
0 0 0 0 0 0 0 0 X 0 0 0 0 0 R 
0 0 0 0 0 2 0 0 0 X 0 0 0 0 R 
0 0 0 0 0 0 0 0 0 0 0 0 0 0 R 
R 0 0 0 0 0 D 0 0 0 0 0 0 0 R 
R 0 0 0 0 0 0 3 0 0 0 0 0 0 R 
R 0 0 0 0 0 0 0 X 0 0 0 0 0 R 
R 0 0 0 0 0 0 0 0 0 0 0 0 0 R 
R 0 0 0 0 0 0 0 0 0 0 0 0 0 R 
R 0 0 0 0 0 0 0 0 0 0 0 0 0 R 
R 0 0 0 0 0 0 0 0 0 0 0 0 0 R 
R 0 0 0 0 0 0 0 0 0 0 0 0 0 R 
R R R R R R R R R R R R R R R 


Round 53 : Pozitia Robotului: 6 1

R R R R R R R R R R R R R R R 
2 1 0 0 0 0 0 0 0 0 0 0 0 0 R 
X 0 0 0 X 0 0 0 0 0 0 0 0 0 R 
0 0 0 0 0 0 0 0 X 0 0 0 0 0 R 
0 0 0 0 0 2 0 0 0 X 0 0 0 0 R 
R 0 0 0 0 0 0 0 0 0 0 0 0 0 R 
R 0 0 0 0 0 D 0 0 0 0 0 0 0 R 
R 0 0 0 0 0 0 3 0 0 0 0 0 0 R 
R 0 0 0 0 0 0 0 X 0 0 0 0 0 R 
R 0 0 0 0 0 0 0 0 0 0 0 0 0 R 
R 0 0 0 0 0 0 0 0 0 0 0 0 0 R 
R 0 0 0 0 0 0 0 0 0 0 0 0 0 R 
R 0 0 0 0 0 0 0 0 0 0 0 0 0 R 
R 0 0 0 0 0 0 0 0 0 0 0 0 0 R 
R R R R R R R R R R R R R R R 


Round 54 : Pozitia Robotului: 5 1

R R R R R R R R R R R R R R R 
2 1 0 0 0 0 0 0 0 0 0 0 0 0 R 
X 0 0 0 X 0 0 0 0 0 0 0 0 0 R 
0 0 0 0 0 0 0 0 X 0 0 0 0 0 R 
R 0 0 0 0 2 0 0 0 X 0 0 0 0 R 
R 0 0 0 0 0 0 0 0 0 0 0 0 0 R 
R 0 0 0 0 0 D 0 0 0 0 0 0 0 R 
R 0 0 0 0 0 0 3 0 0 0 0 0 0 R 
R 0 0 0 0 0 0 0 X 0 0 0 0 0 R 
R 0 0 0 0 0 0 0 0 0 0 0 0 0 R 
R 0 0 0 0 0 0 0 0 0 0 0 0 0 R 
R 0 0 0 0 0 0 0 0 0 0 0 0 0 R 
R 0 0 0 0 0 0 0 0 0 0 0 0 0 R 
R 0 0 0 0 0 0 0 0 0 0 0 0 0 R 
R R R R R R R R R R R R R R R 


Round 55 : Pozitia Robotului: 4 1

R R R R R R R R R R R R R R R 
2 1 0 0 0 0 0 0 0 0 0 0 0 0 R 
X 0 0 0 X 0 0 0 0 0 0 0 0 0 R 
R 0 0 0 0 0 0 0 X 0 0 0 0 0 R 
R 0 0 0 0 2 0 0 0 X 0 0 0 0 R 
R 0 0 0 0 0 0 0 0 0 0 0 0 0 R 
R 0 0 0 0 0 D 0 0 0 0 0 0 0 R 
R 0 0 0 0 0 0 3 0 0 0 0 0 0 R 
R 0 0 0 0 0 0 0 X 0 0 0 0 0 R 
R 0 0 0 0 0 0 0 0 0 0 0 0 0 R 
R 0 0 0 0 0 0 0 0 0 0 0 0 0 R 
R 0 0 0 0 0 0 0 0 0 0 0 0 0 R 
R 0 0 0 0 0 0 0 0 0 0 0 0 0 R 
R 0 0 0 0 0 0 0 0 0 0 0 0 0 R 
R R R R R R R R R R R R R R R 
Robotul a cazut in capcana!

Round 56 : Robotul sta o tura!

Round 57 : Pozitia Robotului: 3 1

R R R R R R R R R R R R R R R 
2 1 0 0 0 0 0 0 0 0 0 0 0 0 R 
R 0 0 0 X 0 0 0 0 0 0 0 0 0 R 
R 0 0 0 0 0 0 0 X 0 0 0 0 0 R 
R 0 0 0 0 2 0 0 0 X 0 0 0 0 R 
R 0 0 0 0 0 0 0 0 0 0 0 0 0 R 
R 0 0 0 0 0 D 0 0 0 0 0 0 0 R 
R 0 0 0 0 0 0 3 0 0 0 0 0 0 R 
R 0 0 0 0 0 0 0 X 0 0 0 0 0 R 
R 0 0 0 0 0 0 0 0 0 0 0 0 0 R 
R 0 0 0 0 0 0 0 0 0 0 0 0 0 R 
R 0 0 0 0 0 0 0 0 0 0 0 0 0 R 
R 0 0 0 0 0 0 0 0 0 0 0 0 0 R 
R 0 0 0 0 0 0 0 0 0 0 0 0 0 R 
R R R R R R R R R R R R R R R 
Ai gasit un item, insa Robotul tau nu il poate folosi!


Round 58 : Pozitia Robotului: 2 1

R R R R R R R R R R R R R R R 
R 1 0 0 0 0 0 0 0 0 0 0 0 0 R 
R 0 0 0 X 0 0 0 0 0 0 0 0 0 R 
R 0 0 0 0 0 0 0 X 0 0 0 0 0 R 
R 0 0 0 0 2 0 0 0 X 0 0 0 0 R 
R 0 0 0 0 0 0 0 0 0 0 0 0 0 R 
R 0 0 0 0 0 D 0 0 0 0 0 0 0 R 
R 0 0 0 0 0 0 3 0 0 0 0 0 0 R 
R 0 0 0 0 0 0 0 X 0 0 0 0 0 R 
R 0 0 0 0 0 0 0 0 0 0 0 0 0 R 
R 0 0 0 0 0 0 0 0 0 0 0 0 0 R 
R 0 0 0 0 0 0 0 0 0 0 0 0 0 R 
R 0 0 0 0 0 0 0 0 0 0 0 0 0 R 
R 0 0 0 0 0 0 0 0 0 0 0 0 0 R 
R R R R R R R R R R R R R R R 


Round 59 : Pozitia Robotului: 2 1

R R R R R R R R R R R R R R R 
R 1 0 0 0 0 0 0 0 0 0 0 0 0 R 
R 0 0 0 X 0 0 0 0 0 0 0 0 0 R 
R 0 0 0 0 0 0 0 X 0 0 0 0 0 R 
R 0 0 0 0 2 0 0 0 X 0 0 0 0 R 
R 0 0 0 0 0 0 0 0 0 0 0 0 0 R 
R 0 0 0 0 0 D 0 0 0 0 0 0 0 R 
R 0 0 0 0 0 0 3 0 0 0 0 0 0 R 
R 0 0 0 0 0 0 0 X 0 0 0 0 0 R 
R 0 0 0 0 0 0 0 0 0 0 0 0 0 R 
R 0 0 0 0 0 0 0 0 0 0 0 0 0 R 
R 0 0 0 0 0 0 0 0 0 0 0 0 0 R 
R 0 0 0 0 0 0 0 0 0 0 0 0 0 R 
R 0 0 0 0 0 0 0 0 0 0 0 0 0 R 
R R R R R R R R R R R R R R R 
Ai gasit un item, insa Robotul tau nu il poate folosi!


Round 60 : Pozitia Robotului: 2 2

R R R R R R R R R R R R R R R 
R R 0 0 0 0 0 0 0 0 0 0 0 0 R 
R 0 0 0 X 0 0 0 0 0 0 0 0 0 R 
R 0 0 0 0 0 0 0 X 0 0 0 0 0 R 
R 0 0 0 0 2 0 0 0 X 0 0 0 0 R 
R 0 0 0 0 0 0 0 0 0 0 0 0 0 R 
R 0 0 0 0 0 D 0 0 0 0 0 0 0 R 
R 0 0 0 0 0 0 3 0 0 0 0 0 0 R 
R 0 0 0 0 0 0 0 X 0 0 0 0 0 R 
R 0 0 0 0 0 0 0 0 0 0 0 0 0 R 
R 0 0 0 0 0 0 0 0 0 0 0 0 0 R 
R 0 0 0 0 0 0 0 0 0 0 0 0 0 R 
R 0 0 0 0 0 0 0 0 0 0 0 0 0 R 
R 0 0 0 0 0 0 0 0 0 0 0 0 0 R 
R R R R R R R R R R R R R R R 


Round 61 : Pozitia Robotului: 2 3

R R R R R R R R R R R R R R R 
R R R 0 0 0 0 0 0 0 0 0 0 0 R 
R 0 0 0 X 0 0 0 0 0 0 0 0 0 R 
R 0 0 0 0 0 0 0 X 0 0 0 0 0 R 
R 0 0 0 0 2 0 0 0 X 0 0 0 0 R 
R 0 0 0 0 0 0 0 0 0 0 0 0 0 R 
R 0 0 0 0 0 D 0 0 0 0 0 0 0 R 
R 0 0 0 0 0 0 3 0 0 0 0 0 0 R 
R 0 0 0 0 0 0 0 X 0 0 0 0 0 R 
R 0 0 0 0 0 0 0 0 0 0 0 0 0 R 
R 0 0 0 0 0 0 0 0 0 0 0 0 0 R 
R 0 0 0 0 0 0 0 0 0 0 0 0 0 R 
R 0 0 0 0 0 0 0 0 0 0 0 0 0 R 
R 0 0 0 0 0 0 0 0 0 0 0 0 0 R 
R R R R R R R R R R R R R R R 


Round 62 : Pozitia Robotului: 2 4

R R R R R R R R R R R R R R R 
R R R R 0 0 0 0 0 0 0 0 0 0 R 
R 0 0 0 X 0 0 0 0 0 0 0 0 0 R 
R 0 0 0 0 0 0 0 X 0 0 0 0 0 R 
R 0 0 0 0 2 0 0 0 X 0 0 0 0 R 
R 0 0 0 0 0 0 0 0 0 0 0 0 0 R 
R 0 0 0 0 0 D 0 0 0 0 0 0 0 R 
R 0 0 0 0 0 0 3 0 0 0 0 0 0 R 
R 0 0 0 0 0 0 0 X 0 0 0 0 0 R 
R 0 0 0 0 0 0 0 0 0 0 0 0 0 R 
R 0 0 0 0 0 0 0 0 0 0 0 0 0 R 
R 0 0 0 0 0 0 0 0 0 0 0 0 0 R 
R 0 0 0 0 0 0 0 0 0 0 0 0 0 R 
R 0 0 0 0 0 0 0 0 0 0 0 0 0 R 
R R R R R R R R R R R R R R R 


Round 63 : Pozitia Robotului: 2 5

R R R R R R R R R R R R R R R 
R R R R R 0 0 0 0 0 0 0 0 0 R 
R 0 0 0 X 0 0 0 0 0 0 0 0 0 R 
R 0 0 0 0 0 0 0 X 0 0 0 0 0 R 
R 0 0 0 0 2 0 0 0 X 0 0 0 0 R 
R 0 0 0 0 0 0 0 0 0 0 0 0 0 R 
R 0 0 0 0 0 D 0 0 0 0 0 0 0 R 
R 0 0 0 0 0 0 3 0 0 0 0 0 0 R 
R 0 0 0 0 0 0 0 X 0 0 0 0 0 R 
R 0 0 0 0 0 0 0 0 0 0 0 0 0 R 
R 0 0 0 0 0 0 0 0 0 0 0 0 0 R 
R 0 0 0 0 0 0 0 0 0 0 0 0 0 R 
R 0 0 0 0 0 0 0 0 0 0 0 0 0 R 
R 0 0 0 0 0 0 0 0 0 0 0 0 0 R 
R R R R R R R R R R R R R R R 


Round 64 : Pozitia Robotului: 2 6

R R R R R R R R R R R R R R R 
R R R R R R 0 0 0 0 0 0 0 0 R 
R 0 0 0 X 0 0 0 0 0 0 0 0 0 R 
R 0 0 0 0 0 0 0 X 0 0 0 0 0 R 
R 0 0 0 0 2 0 0 0 X 0 0 0 0 R 
R 0 0 0 0 0 0 0 0 0 0 0 0 0 R 
R 0 0 0 0 0 D 0 0 0 0 0 0 0 R 
R 0 0 0 0 0 0 3 0 0 0 0 0 0 R 
R 0 0 0 0 0 0 0 X 0 0 0 0 0 R 
R 0 0 0 0 0 0 0 0 0 0 0 0 0 R 
R 0 0 0 0 0 0 0 0 0 0 0 0 0 R 
R 0 0 0 0 0 0 0 0 0 0 0 0 0 R 
R 0 0 0 0 0 0 0 0 0 0 0 0 0 R 
R 0 0 0 0 0 0 0 0 0 0 0 0 0 R 
R R R R R R R R R R R R R R R 


Round 65 : Pozitia Robotului: 2 7

R R R R R R R R R R R R R R R 
R R R R R R R 0 0 0 0 0 0 0 R 
R 0 0 0 X 0 0 0 0 0 0 0 0 0 R 
R 0 0 0 0 0 0 0 X 0 0 0 0 0 R 
R 0 0 0 0 2 0 0 0 X 0 0 0 0 R 
R 0 0 0 0 0 0 0 0 0 0 0 0 0 R 
R 0 0 0 0 0 D 0 0 0 0 0 0 0 R 
R 0 0 0 0 0 0 3 0 0 0 0 0 0 R 
R 0 0 0 0 0 0 0 X 0 0 0 0 0 R 
R 0 0 0 0 0 0 0 0 0 0 0 0 0 R 
R 0 0 0 0 0 0 0 0 0 0 0 0 0 R 
R 0 0 0 0 0 0 0 0 0 0 0 0 0 R 
R 0 0 0 0 0 0 0 0 0 0 0 0 0 R 
R 0 0 0 0 0 0 0 0 0 0 0 0 0 R 
R R R R R R R R R R R R R R R 


Round 66 : Pozitia Robotului: 2 8

R R R R R R R R R R R R R R R 
R R R R R R R R 0 0 0 0 0 0 R 
R 0 0 0 X 0 0 0 0 0 0 0 0 0 R 
R 0 0 0 0 0 0 0 X 0 0 0 0 0 R 
R 0 0 0 0 2 0 0 0 X 0 0 0 0 R 
R 0 0 0 0 0 0 0 0 0 0 0 0 0 R 
R 0 0 0 0 0 D 0 0 0 0 0 0 0 R 
R 0 0 0 0 0 0 3 0 0 0 0 0 0 R 
R 0 0 0 0 0 0 0 X 0 0 0 0 0 R 
R 0 0 0 0 0 0 0 0 0 0 0 0 0 R 
R 0 0 0 0 0 0 0 0 0 0 0 0 0 R 
R 0 0 0 0 0 0 0 0 0 0 0 0 0 R 
R 0 0 0 0 0 0 0 0 0 0 0 0 0 R 
R 0 0 0 0 0 0 0 0 0 0 0 0 0 R 
R R R R R R R R R R R R R R R 


Round 67 : Pozitia Robotului: 2 9

R R R R R R R R R R R R R R R 
R R R R R R R R R 0 0 0 0 0 R 
R 0 0 0 X 0 0 0 0 0 0 0 0 0 R 
R 0 0 0 0 0 0 0 X 0 0 0 0 0 R 
R 0 0 0 0 2 0 0 0 X 0 0 0 0 R 
R 0 0 0 0 0 0 0 0 0 0 0 0 0 R 
R 0 0 0 0 0 D 0 0 0 0 0 0 0 R 
R 0 0 0 0 0 0 3 0 0 0 0 0 0 R 
R 0 0 0 0 0 0 0 X 0 0 0 0 0 R 
R 0 0 0 0 0 0 0 0 0 0 0 0 0 R 
R 0 0 0 0 0 0 0 0 0 0 0 0 0 R 
R 0 0 0 0 0 0 0 0 0 0 0 0 0 R 
R 0 0 0 0 0 0 0 0 0 0 0 0 0 R 
R 0 0 0 0 0 0 0 0 0 0 0 0 0 R 
R R R R R R R R R R R R R R R 


Round 68 : Pozitia Robotului: 2 10

R R R R R R R R R R R R R R R 
R R R R R R R R R R 0 0 0 0 R 
R 0 0 0 X 0 0 0 0 0 0 0 0 0 R 
R 0 0 0 0 0 0 0 X 0 0 0 0 0 R 
R 0 0 0 0 2 0 0 0 X 0 0 0 0 R 
R 0 0 0 0 0 0 0 0 0 0 0 0 0 R 
R 0 0 0 0 0 D 0 0 0 0 0 0 0 R 
R 0 0 0 0 0 0 3 0 0 0 0 0 0 R 
R 0 0 0 0 0 0 0 X 0 0 0 0 0 R 
R 0 0 0 0 0 0 0 0 0 0 0 0 0 R 
R 0 0 0 0 0 0 0 0 0 0 0 0 0 R 
R 0 0 0 0 0 0 0 0 0 0 0 0 0 R 
R 0 0 0 0 0 0 0 0 0 0 0 0 0 R 
R 0 0 0 0 0 0 0 0 0 0 0 0 0 R 
R R R R R R R R R R R R R R R 


Round 69 : Pozitia Robotului: 2 11

R R R R R R R R R R R R R R R 
R R R R R R R R R R R 0 0 0 R 
R 0 0 0 X 0 0 0 0 0 0 0 0 0 R 
R 0 0 0 0 0 0 0 X 0 0 0 0 0 R 
R 0 0 0 0 2 0 0 0 X 0 0 0 0 R 
R 0 0 0 0 0 0 0 0 0 0 0 0 0 R 
R 0 0 0 0 0 D 0 0 0 0 0 0 0 R 
R 0 0 0 0 0 0 3 0 0 0 0 0 0 R 
R 0 0 0 0 0 0 0 X 0 0 0 0 0 R 
R 0 0 0 0 0 0 0 0 0 0 0 0 0 R 
R 0 0 0 0 0 0 0 0 0 0 0 0 0 R 
R 0 0 0 0 0 0 0 0 0 0 0 0 0 R 
R 0 0 0 0 0 0 0 0 0 0 0 0 0 R 
R 0 0 0 0 0 0 0 0 0 0 0 0 0 R 
R R R R R R R R R R R R R R R 


Round 70 : Pozitia Robotului: 2 12

R R R R R R R R R R R R R R R 
R R R R R R R R R R R R 0 0 R 
R 0 0 0 X 0 0 0 0 0 0 0 0 0 R 
R 0 0 0 0 0 0 0 X 0 0 0 0 0 R 
R 0 0 0 0 2 0 0 0 X 0 0 0 0 R 
R 0 0 0 0 0 0 0 0 0 0 0 0 0 R 
R 0 0 0 0 0 D 0 0 0 0 0 0 0 R 
R 0 0 0 0 0 0 3 0 0 0 0 0 0 R 
R 0 0 0 0 0 0 0 X 0 0 0 0 0 R 
R 0 0 0 0 0 0 0 0 0 0 0 0 0 R 
R 0 0 0 0 0 0 0 0 0 0 0 0 0 R 
R 0 0 0 0 0 0 0 0 0 0 0 0 0 R 
R 0 0 0 0 0 0 0 0 0 0 0 0 0 R 
R 0 0 0 0 0 0 0 0 0 0 0 0 0 R 
R R R R R R R R R R R R R R R 


Round 71 : Pozitia Robotului: 2 13

R R R R R R R R R R R R R R R 
R R R R R R R R R R R R R 0 R 
R 0 0 0 X 0 0 0 0 0 0 0 0 0 R 
R 0 0 0 0 0 0 0 X 0 0 0 0 0 R 
R 0 0 0 0 2 0 0 0 X 0 0 0 0 R 
R 0 0 0 0 0 0 0 0 0 0 0 0 0 R 
R 0 0 0 0 0 D 0 0 0 0 0 0 0 R 
R 0 0 0 0 0 0 3 0 0 0 0 0 0 R 
R 0 0 0 0 0 0 0 X 0 0 0 0 0 R 
R 0 0 0 0 0 0 0 0 0 0 0 0 0 R 
R 0 0 0 0 0 0 0 0 0 0 0 0 0 R 
R 0 0 0 0 0 0 0 0 0 0 0 0 0 R 
R 0 0 0 0 0 0 0 0 0 0 0 0 0 R 
R 0 0 0 0 0 0 0 0 0 0 0 0 0 R 
R R R R R R R R R R R R R R R 


Round 72 : Pozitia Robotului: 2 14

R R R R R R R R R R R R R R R 
R R R R R R R R R R R R R R R 
R 0 0 0 X 0 0 0 0 0 0 0 0 0 R 
R 0 0 0 0 0 0 0 X 0 0 0 0 0 R 
R 0 0 0 0 2 0 0 0 X 0 0 0 0 R 
R 0 0 0 0 0 0 0 0 0 0 0 0 0 R 
R 0 0 0 0 0 D 0 0 0 0 0 0 0 R 
R 0 0 0 0 0 0 3 0 0 0 0 0 0 R 
R 0 0 0 0 0 0 0 X 0 0 0 0 0 R 
R 0 0 0 0 0 0 0 0 0 0 0 0 0 R 
R 0 0 0 0 0 0 0 0 0 0 0 0 0 R 
R 0 0 0 0 0 0 0 0 0 0 0 0 0 R 
R 0 0 0 0 0 0 0 0 0 0 0 0 0 R 
R 0 0 0 0 0 0 0 0 0 0 0 0 0 R 
R R R R R R R R R R R R R R R 


Round 73 : Pozitia Robotului: 3 14

R R R R R R R R R R R R R R R 
R R R R R R R R R R R R R R R 
R 0 0 0 X 0 0 0 0 0 0 0 0 R R 
R 0 0 0 0 0 0 0 X 0 0 0 0 0 R 
R 0 0 0 0 2 0 0 0 X 0 0 0 0 R 
R 0 0 0 0 0 0 0 0 0 0 0 0 0 R 
R 0 0 0 0 0 D 0 0 0 0 0 0 0 R 
R 0 0 0 0 0 0 3 0 0 0 0 0 0 R 
R 0 0 0 0 0 0 0 X 0 0 0 0 0 R 
R 0 0 0 0 0 0 0 0 0 0 0 0 0 R 
R 0 0 0 0 0 0 0 0 0 0 0 0 0 R 
R 0 0 0 0 0 0 0 0 0 0 0 0 0 R 
R 0 0 0 0 0 0 0 0 0 0 0 0 0 R 
R 0 0 0 0 0 0 0 0 0 0 0 0 0 R 
R R R R R R R R R R R R R R R 


Round 74 : Pozitia Robotului: 4 14

R R R R R R R R R R R R R R R 
R R R R R R R R R R R R R R R 
R 0 0 0 X 0 0 0 0 0 0 0 0 R R 
R 0 0 0 0 0 0 0 X 0 0 0 0 R R 
R 0 0 0 0 2 0 0 0 X 0 0 0 0 R 
R 0 0 0 0 0 0 0 0 0 0 0 0 0 R 
R 0 0 0 0 0 D 0 0 0 0 0 0 0 R 
R 0 0 0 0 0 0 3 0 0 0 0 0 0 R 
R 0 0 0 0 0 0 0 X 0 0 0 0 0 R 
R 0 0 0 0 0 0 0 0 0 0 0 0 0 R 
R 0 0 0 0 0 0 0 0 0 0 0 0 0 R 
R 0 0 0 0 0 0 0 0 0 0 0 0 0 R 
R 0 0 0 0 0 0 0 0 0 0 0 0 0 R 
R 0 0 0 0 0 0 0 0 0 0 0 0 0 R 
R R R R R R R R R R R R R R R 


Round 75 : Pozitia Robotului: 5 14

R R R R R R R R R R R R R R R 
R R R R R R R R R R R R R R R 
R 0 0 0 X 0 0 0 0 0 0 0 0 R R 
R 0 0 0 0 0 0 0 X 0 0 0 0 R R 
R 0 0 0 0 2 0 0 0 X 0 0 0 R R 
R 0 0 0 0 0 0 0 0 0 0 0 0 0 R 
R 0 0 0 0 0 D 0 0 0 0 0 0 0 R 
R 0 0 0 0 0 0 3 0 0 0 0 0 0 R 
R 0 0 0 0 0 0 0 X 0 0 0 0 0 R 
R 0 0 0 0 0 0 0 0 0 0 0 0 0 R 
R 0 0 0 0 0 0 0 0 0 0 0 0 0 R 
R 0 0 0 0 0 0 0 0 0 0 0 0 0 R 
R 0 0 0 0 0 0 0 0 0 0 0 0 0 R 
R 0 0 0 0 0 0 0 0 0 0 0 0 0 R 
R R R R R R R R R R R R R R R 


Round 76 : Pozitia Robotului: 6 14

R R R R R R R R R R R R R R R 
R R R R R R R R R R R R R R R 
R 0 0 0 X 0 0 0 0 0 0 0 0 R R 
R 0 0 0 0 0 0 0 X 0 0 0 0 R R 
R 0 0 0 0 2 0 0 0 X 0 0 0 R R 
R 0 0 0 0 0 0 0 0 0 0 0 0 R R 
R 0 0 0 0 0 D 0 0 0 0 0 0 0 R 
R 0 0 0 0 0 0 3 0 0 0 0 0 0 R 
R 0 0 0 0 0 0 0 X 0 0 0 0 0 R 
R 0 0 0 0 0 0 0 0 0 0 0 0 0 R 
R 0 0 0 0 0 0 0 0 0 0 0 0 0 R 
R 0 0 0 0 0 0 0 0 0 0 0 0 0 R 
R 0 0 0 0 0 0 0 0 0 0 0 0 0 R 
R 0 0 0 0 0 0 0 0 0 0 0 0 0 R 
R R R R R R R R R R R R R R R 


Round 77 : Pozitia Robotului: 7 14

R R R R R R R R R R R R R R R 
R R R R R R R R R R R R R R R 
R 0 0 0 X 0 0 0 0 0 0 0 0 R R 
R 0 0 0 0 0 0 0 X 0 0 0 0 R R 
R 0 0 0 0 2 0 0 0 X 0 0 0 R R 
R 0 0 0 0 0 0 0 0 0 0 0 0 R R 
R 0 0 0 0 0 D 0 0 0 0 0 0 R R 
R 0 0 0 0 0 0 3 0 0 0 0 0 0 R 
R 0 0 0 0 0 0 0 X 0 0 0 0 0 R 
R 0 0 0 0 0 0 0 0 0 0 0 0 0 R 
R 0 0 0 0 0 0 0 0 0 0 0 0 0 R 
R 0 0 0 0 0 0 0 0 0 0 0 0 0 R 
R 0 0 0 0 0 0 0 0 0 0 0 0 0 R 
R 0 0 0 0 0 0 0 0 0 0 0 0 0 R 
R R R R R R R R R R R R R R R 


Round 78 : Pozitia Robotului: 8 14

R R R R R R R R R R R R R R R 
R R R R R R R R R R R R R R R 
R 0 0 0 X 0 0 0 0 0 0 0 0 R R 
R 0 0 0 0 0 0 0 X 0 0 0 0 R R 
R 0 0 0 0 2 0 0 0 X 0 0 0 R R 
R 0 0 0 0 0 0 0 0 0 0 0 0 R R 
R 0 0 0 0 0 D 0 0 0 0 0 0 R R 
R 0 0 0 0 0 0 3 0 0 0 0 0 R R 
R 0 0 0 0 0 0 0 X 0 0 0 0 0 R 
R 0 0 0 0 0 0 0 0 0 0 0 0 0 R 
R 0 0 0 0 0 0 0 0 0 0 0 0 0 R 
R 0 0 0 0 0 0 0 0 0 0 0 0 0 R 
R 0 0 0 0 0 0 0 0 0 0 0 0 0 R 
R 0 0 0 0 0 0 0 0 0 0 0 0 0 R 
R R R R R R R R R R R R R R R 


Round 79 : Pozitia Robotului: 9 14

R R R R R R R R R R R R R R R 
R R R R R R R R R R R R R R R 
R 0 0 0 X 0 0 0 0 0 0 0 0 R R 
R 0 0 0 0 0 0 0 X 0 0 0 0 R R 
R 0 0 0 0 2 0 0 0 X 0 0 0 R R 
R 0 0 0 0 0 0 0 0 0 0 0 0 R R 
R 0 0 0 0 0 D 0 0 0 0 0 0 R R 
R 0 0 0 0 0 0 3 0 0 0 0 0 R R 
R 0 0 0 0 0 0 0 X 0 0 0 0 R R 
R 0 0 0 0 0 0 0 0 0 0 0 0 0 R 
R 0 0 0 0 0 0 0 0 0 0 0 0 0 R 
R 0 0 0 0 0 0 0 0 0 0 0 0 0 R 
R 0 0 0 0 0 0 0 0 0 0 0 0 0 R 
R 0 0 0 0 0 0 0 0 0 0 0 0 0 R 
R R R R R R R R R R R R R R R 


Round 80 : Pozitia Robotului: 10 14

R R R R R R R R R R R R R R R 
R R R R R R R R R R R R R R R 
R 0 0 0 X 0 0 0 0 0 0 0 0 R R 
R 0 0 0 0 0 0 0 X 0 0 0 0 R R 
R 0 0 0 0 2 0 0 0 X 0 0 0 R R 
R 0 0 0 0 0 0 0 0 0 0 0 0 R R 
R 0 0 0 0 0 D 0 0 0 0 0 0 R R 
R 0 0 0 0 0 0 3 0 0 0 0 0 R R 
R 0 0 0 0 0 0 0 X 0 0 0 0 R R 
R 0 0 0 0 0 0 0 0 0 0 0 0 R R 
R 0 0 0 0 0 0 0 0 0 0 0 0 0 R 
R 0 0 0 0 0 0 0 0 0 0 0 0 0 R 
R 0 0 0 0 0 0 0 0 0 0 0 0 0 R 
R 0 0 0 0 0 0 0 0 0 0 0 0 0 R 
R R R R R R R R R R R R R R R 


Round 81 : Pozitia Robotului: 11 14

R R R R R R R R R R R R R R R 
R R R R R R R R R R R R R R R 
R 0 0 0 X 0 0 0 0 0 0 0 0 R R 
R 0 0 0 0 0 0 0 X 0 0 0 0 R R 
R 0 0 0 0 2 0 0 0 X 0 0 0 R R 
R 0 0 0 0 0 0 0 0 0 0 0 0 R R 
R 0 0 0 0 0 D 0 0 0 0 0 0 R R 
R 0 0 0 0 0 0 3 0 0 0 0 0 R R 
R 0 0 0 0 0 0 0 X 0 0 0 0 R R 
R 0 0 0 0 0 0 0 0 0 0 0 0 R R 
R 0 0 0 0 0 0 0 0 0 0 0 0 R R 
R 0 0 0 0 0 0 0 0 0 0 0 0 0 R 
R 0 0 0 0 0 0 0 0 0 0 0 0 0 R 
R 0 0 0 0 0 0 0 0 0 0 0 0 0 R 
R R R R R R R R R R R R R R R 


Round 82 : Pozitia Robotului: 12 14

R R R R R R R R R R R R R R R 
R R R R R R R R R R R R R R R 
R 0 0 0 X 0 0 0 0 0 0 0 0 R R 
R 0 0 0 0 0 0 0 X 0 0 0 0 R R 
R 0 0 0 0 2 0 0 0 X 0 0 0 R R 
R 0 0 0 0 0 0 0 0 0 0 0 0 R R 
R 0 0 0 0 0 D 0 0 0 0 0 0 R R 
R 0 0 0 0 0 0 3 0 0 0 0 0 R R 
R 0 0 0 0 0 0 0 X 0 0 0 0 R R 
R 0 0 0 0 0 0 0 0 0 0 0 0 R R 
R 0 0 0 0 0 0 0 0 0 0 0 0 R R 
R 0 0 0 0 0 0 0 0 0 0 0 0 R R 
R 0 0 0 0 0 0 0 0 0 0 0 0 0 R 
R 0 0 0 0 0 0 0 0 0 0 0 0 0 R 
R R R R R R R R R R R R R R R 


Round 83 : Pozitia Robotului: 13 14

R R R R R R R R R R R R R R R 
R R R R R R R R R R R R R R R 
R 0 0 0 X 0 0 0 0 0 0 0 0 R R 
R 0 0 0 0 0 0 0 X 0 0 0 0 R R 
R 0 0 0 0 2 0 0 0 X 0 0 0 R R 
R 0 0 0 0 0 0 0 0 0 0 0 0 R R 
R 0 0 0 0 0 D 0 0 0 0 0 0 R R 
R 0 0 0 0 0 0 3 0 0 0 0 0 R R 
R 0 0 0 0 0 0 0 X 0 0 0 0 R R 
R 0 0 0 0 0 0 0 0 0 0 0 0 R R 
R 0 0 0 0 0 0 0 0 0 0 0 0 R R 
R 0 0 0 0 0 0 0 0 0 0 0 0 R R 
R 0 0 0 0 0 0 0 0 0 0 0 0 R R 
R 0 0 0 0 0 0 0 0 0 0 0 0 0 R 
R R R R R R R R R R R R R R R 


Round 84 : Pozitia Robotului: 14 14

R R R R R R R R R R R R R R R 
R R R R R R R R R R R R R R R 
R 0 0 0 X 0 0 0 0 0 0 0 0 R R 
R 0 0 0 0 0 0 0 X 0 0 0 0 R R 
R 0 0 0 0 2 0 0 0 X 0 0 0 R R 
R 0 0 0 0 0 0 0 0 0 0 0 0 R R 
R 0 0 0 0 0 D 0 0 0 0 0 0 R R 
R 0 0 0 0 0 0 3 0 0 0 0 0 R R 
R 0 0 0 0 0 0 0 X 0 0 0 0 R R 
R 0 0 0 0 0 0 0 0 0 0 0 0 R R 
R 0 0 0 0 0 0 0 0 0 0 0 0 R R 
R 0 0 0 0 0 0 0 0 0 0 0 0 R R 
R 0 0 0 0 0 0 0 0 0 0 0 0 R R 
R 0 0 0 0 0 0 0 0 0 0 0 0 R R 
R R R R R R R R R R R R R R R 


Round 85 : Pozitia Robotului: 14 14

R R R R R R R R R R R R R R R 
R R R R R R R R R R R R R R R 
R 0 0 0 X 0 0 0 0 0 0 0 0 R R 
R 0 0 0 0 0 0 0 X 0 0 0 0 R R 
R 0 0 0 0 2 0 0 0 X 0 0 0 R R 
R 0 0 0 0 0 0 0 0 0 0 0 0 R R 
R 0 0 0 0 0 D 0 0 0 0 0 0 R R 
R 0 0 0 0 0 0 3 0 0 0 0 0 R R 
R 0 0 0 0 0 0 0 X 0 0 0 0 R R 
R 0 0 0 0 0 0 0 0 0 0 0 0 R R 
R 0 0 0 0 0 0 0 0 0 0 0 0 R R 
R 0 0 0 0 0 0 0 0 0 0 0 0 R R 
R 0 0 0 0 0 0 0 0 0 0 0 0 R R 
R 0 0 0 0 0 0 0 0 0 0 0 0 R R 
R R R R R R R R R R R R R R R 


Round 86 : Pozitia Robotului: 14 13

R R R R R R R R R R R R R R R 
R R R R R R R R R R R R R R R 
R 0 0 0 X 0 0 0 0 0 0 0 0 R R 
R 0 0 0 0 0 0 0 X 0 0 0 0 R R 
R 0 0 0 0 2 0 0 0 X 0 0 0 R R 
R 0 0 0 0 0 0 0 0 0 0 0 0 R R 
R 0 0 0 0 0 D 0 0 0 0 0 0 R R 
R 0 0 0 0 0 0 3 0 0 0 0 0 R R 
R 0 0 0 0 0 0 0 X 0 0 0 0 R R 
R 0 0 0 0 0 0 0 0 0 0 0 0 R R 
R 0 0 0 0 0 0 0 0 0 0 0 0 R R 
R 0 0 0 0 0 0 0 0 0 0 0 0 R R 
R 0 0 0 0 0 0 0 0 0 0 0 0 R R 
R 0 0 0 0 0 0 0 0 0 0 0 R R R 
R R R R R R R R R R R R R R R 


Round 87 : Pozitia Robotului: 14 12

R R R R R R R R R R R R R R R 
R R R R R R R R R R R R R R R 
R 0 0 0 X 0 0 0 0 0 0 0 0 R R 
R 0 0 0 0 0 0 0 X 0 0 0 0 R R 
R 0 0 0 0 2 0 0 0 X 0 0 0 R R 
R 0 0 0 0 0 0 0 0 0 0 0 0 R R 
R 0 0 0 0 0 D 0 0 0 0 0 0 R R 
R 0 0 0 0 0 0 3 0 0 0 0 0 R R 
R 0 0 0 0 0 0 0 X 0 0 0 0 R R 
R 0 0 0 0 0 0 0 0 0 0 0 0 R R 
R 0 0 0 0 0 0 0 0 0 0 0 0 R R 
R 0 0 0 0 0 0 0 0 0 0 0 0 R R 
R 0 0 0 0 0 0 0 0 0 0 0 0 R R 
R 0 0 0 0 0 0 0 0 0 0 R R R R 
R R R R R R R R R R R R R R R 


Round 88 : Pozitia Robotului: 14 11

R R R R R R R R R R R R R R R 
R R R R R R R R R R R R R R R 
R 0 0 0 X 0 0 0 0 0 0 0 0 R R 
R 0 0 0 0 0 0 0 X 0 0 0 0 R R 
R 0 0 0 0 2 0 0 0 X 0 0 0 R R 
R 0 0 0 0 0 0 0 0 0 0 0 0 R R 
R 0 0 0 0 0 D 0 0 0 0 0 0 R R 
R 0 0 0 0 0 0 3 0 0 0 0 0 R R 
R 0 0 0 0 0 0 0 X 0 0 0 0 R R 
R 0 0 0 0 0 0 0 0 0 0 0 0 R R 
R 0 0 0 0 0 0 0 0 0 0 0 0 R R 
R 0 0 0 0 0 0 0 0 0 0 0 0 R R 
R 0 0 0 0 0 0 0 0 0 0 0 0 R R 
R 0 0 0 0 0 0 0 0 0 R R R R R 
R R R R R R R R R R R R R R R 


Round 89 : Pozitia Robotului: 14 10

R R R R R R R R R R R R R R R 
R R R R R R R R R R R R R R R 
R 0 0 0 X 0 0 0 0 0 0 0 0 R R 
R 0 0 0 0 0 0 0 X 0 0 0 0 R R 
R 0 0 0 0 2 0 0 0 X 0 0 0 R R 
R 0 0 0 0 0 0 0 0 0 0 0 0 R R 
R 0 0 0 0 0 D 0 0 0 0 0 0 R R 
R 0 0 0 0 0 0 3 0 0 0 0 0 R R 
R 0 0 0 0 0 0 0 X 0 0 0 0 R R 
R 0 0 0 0 0 0 0 0 0 0 0 0 R R 
R 0 0 0 0 0 0 0 0 0 0 0 0 R R 
R 0 0 0 0 0 0 0 0 0 0 0 0 R R 
R 0 0 0 0 0 0 0 0 0 0 0 0 R R 
R 0 0 0 0 0 0 0 0 R R R R R R 
R R R R R R R R R R R R R R R 


Round 90 : Pozitia Robotului: 14 9

R R R R R R R R R R R R R R R 
R R R R R R R R R R R R R R R 
R 0 0 0 X 0 0 0 0 0 0 0 0 R R 
R 0 0 0 0 0 0 0 X 0 0 0 0 R R 
R 0 0 0 0 2 0 0 0 X 0 0 0 R R 
R 0 0 0 0 0 0 0 0 0 0 0 0 R R 
R 0 0 0 0 0 D 0 0 0 0 0 0 R R 
R 0 0 0 0 0 0 3 0 0 0 0 0 R R 
R 0 0 0 0 0 0 0 X 0 0 0 0 R R 
R 0 0 0 0 0 0 0 0 0 0 0 0 R R 
R 0 0 0 0 0 0 0 0 0 0 0 0 R R 
R 0 0 0 0 0 0 0 0 0 0 0 0 R R 
R 0 0 0 0 0 0 0 0 0 0 0 0 R R 
R 0 0 0 0 0 0 0 R R R R R R R 
R R R R R R R R R R R R R R R 


Round 91 : Pozitia Robotului: 14 8

R R R R R R R R R R R R R R R 
R R R R R R R R R R R R R R R 
R 0 0 0 X 0 0 0 0 0 0 0 0 R R 
R 0 0 0 0 0 0 0 X 0 0 0 0 R R 
R 0 0 0 0 2 0 0 0 X 0 0 0 R R 
R 0 0 0 0 0 0 0 0 0 0 0 0 R R 
R 0 0 0 0 0 D 0 0 0 0 0 0 R R 
R 0 0 0 0 0 0 3 0 0 0 0 0 R R 
R 0 0 0 0 0 0 0 X 0 0 0 0 R R 
R 0 0 0 0 0 0 0 0 0 0 0 0 R R 
R 0 0 0 0 0 0 0 0 0 0 0 0 R R 
R 0 0 0 0 0 0 0 0 0 0 0 0 R R 
R 0 0 0 0 0 0 0 0 0 0 0 0 R R 
R 0 0 0 0 0 0 R R R R R R R R 
R R R R R R R R R R R R R R R 


Round 92 : Pozitia Robotului: 14 7

R R R R R R R R R R R R R R R 
R R R R R R R R R R R R R R R 
R 0 0 0 X 0 0 0 0 0 0 0 0 R R 
R 0 0 0 0 0 0 0 X 0 0 0 0 R R 
R 0 0 0 0 2 0 0 0 X 0 0 0 R R 
R 0 0 0 0 0 0 0 0 0 0 0 0 R R 
R 0 0 0 0 0 D 0 0 0 0 0 0 R R 
R 0 0 0 0 0 0 3 0 0 0 0 0 R R 
R 0 0 0 0 0 0 0 X 0 0 0 0 R R 
R 0 0 0 0 0 0 0 0 0 0 0 0 R R 
R 0 0 0 0 0 0 0 0 0 0 0 0 R R 
R 0 0 0 0 0 0 0 0 0 0 0 0 R R 
R 0 0 0 0 0 0 0 0 0 0 0 0 R R 
R 0 0 0 0 0 R R R R R R R R R 
R R R R R R R R R R R R R R R 


Round 93 : Pozitia Robotului: 14 6

R R R R R R R R R R R R R R R 
R R R R R R R R R R R R R R R 
R 0 0 0 X 0 0 0 0 0 0 0 0 R R 
R 0 0 0 0 0 0 0 X 0 0 0 0 R R 
R 0 0 0 0 2 0 0 0 X 0 0 0 R R 
R 0 0 0 0 0 0 0 0 0 0 0 0 R R 
R 0 0 0 0 0 D 0 0 0 0 0 0 R R 
R 0 0 0 0 0 0 3 0 0 0 0 0 R R 
R 0 0 0 0 0 0 0 X 0 0 0 0 R R 
R 0 0 0 0 0 0 0 0 0 0 0 0 R R 
R 0 0 0 0 0 0 0 0 0 0 0 0 R R 
R 0 0 0 0 0 0 0 0 0 0 0 0 R R 
R 0 0 0 0 0 0 0 0 0 0 0 0 R R 
R 0 0 0 0 R R R R R R R R R R 
R R R R R R R R R R R R R R R 


Round 94 : Pozitia Robotului: 14 5

R R R R R R R R R R R R R R R 
R R R R R R R R R R R R R R R 
R 0 0 0 X 0 0 0 0 0 0 0 0 R R 
R 0 0 0 0 0 0 0 X 0 0 0 0 R R 
R 0 0 0 0 2 0 0 0 X 0 0 0 R R 
R 0 0 0 0 0 0 0 0 0 0 0 0 R R 
R 0 0 0 0 0 D 0 0 0 0 0 0 R R 
R 0 0 0 0 0 0 3 0 0 0 0 0 R R 
R 0 0 0 0 0 0 0 X 0 0 0 0 R R 
R 0 0 0 0 0 0 0 0 0 0 0 0 R R 
R 0 0 0 0 0 0 0 0 0 0 0 0 R R 
R 0 0 0 0 0 0 0 0 0 0 0 0 R R 
R 0 0 0 0 0 0 0 0 0 0 0 0 R R 
R 0 0 0 R R R R R R R R R R R 
R R R R R R R R R R R R R R R 


Round 95 : Pozitia Robotului: 14 4

R R R R R R R R R R R R R R R 
R R R R R R R R R R R R R R R 
R 0 0 0 X 0 0 0 0 0 0 0 0 R R 
R 0 0 0 0 0 0 0 X 0 0 0 0 R R 
R 0 0 0 0 2 0 0 0 X 0 0 0 R R 
R 0 0 0 0 0 0 0 0 0 0 0 0 R R 
R 0 0 0 0 0 D 0 0 0 0 0 0 R R 
R 0 0 0 0 0 0 3 0 0 0 0 0 R R 
R 0 0 0 0 0 0 0 X 0 0 0 0 R R 
R 0 0 0 0 0 0 0 0 0 0 0 0 R R 
R 0 0 0 0 0 0 0 0 0 0 0 0 R R 
R 0 0 0 0 0 0 0 0 0 0 0 0 R R 
R 0 0 0 0 0 0 0 0 0 0 0 0 R R 
R 0 0 R R R R R R R R R R R R 
R R R R R R R R R R R R R R R 


Round 96 : Pozitia Robotului: 14 3

R R R R R R R R R R R R R R R 
R R R R R R R R R R R R R R R 
R 0 0 0 X 0 0 0 0 0 0 0 0 R R 
R 0 0 0 0 0 0 0 X 0 0 0 0 R R 
R 0 0 0 0 2 0 0 0 X 0 0 0 R R 
R 0 0 0 0 0 0 0 0 0 0 0 0 R R 
R 0 0 0 0 0 D 0 0 0 0 0 0 R R 
R 0 0 0 0 0 0 3 0 0 0 0 0 R R 
R 0 0 0 0 0 0 0 X 0 0 0 0 R R 
R 0 0 0 0 0 0 0 0 0 0 0 0 R R 
R 0 0 0 0 0 0 0 0 0 0 0 0 R R 
R 0 0 0 0 0 0 0 0 0 0 0 0 R R 
R 0 0 0 0 0 0 0 0 0 0 0 0 R R 
R 0 R R R R R R R R R R R R R 
R R R R R R R R R R R R R R R 


Round 97 : Pozitia Robotului: 14 2

R R R R R R R R R R R R R R R 
R R R R R R R R R R R R R R R 
R 0 0 0 X 0 0 0 0 0 0 0 0 R R 
R 0 0 0 0 0 0 0 X 0 0 0 0 R R 
R 0 0 0 0 2 0 0 0 X 0 0 0 R R 
R 0 0 0 0 0 0 0 0 0 0 0 0 R R 
R 0 0 0 0 0 D 0 0 0 0 0 0 R R 
R 0 0 0 0 0 0 3 0 0 0 0 0 R R 
R 0 0 0 0 0 0 0 X 0 0 0 0 R R 
R 0 0 0 0 0 0 0 0 0 0 0 0 R R 
R 0 0 0 0 0 0 0 0 0 0 0 0 R R 
R 0 0 0 0 0 0 0 0 0 0 0 0 R R 
R 0 0 0 0 0 0 0 0 0 0 0 0 R R 
R R R R R R R R R R R R R R R 
R R R R R R R R R R R R R R R 


Round 98 : Pozitia Robotului: 13 2

R R R R R R R R R R R R R R R 
R R R R R R R R R R R R R R R 
R 0 0 0 X 0 0 0 0 0 0 0 0 R R 
R 0 0 0 0 0 0 0 X 0 0 0 0 R R 
R 0 0 0 0 2 0 0 0 X 0 0 0 R R 
R 0 0 0 0 0 0 0 0 0 0 0 0 R R 
R 0 0 0 0 0 D 0 0 0 0 0 0 R R 
R 0 0 0 0 0 0 3 0 0 0 0 0 R R 
R 0 0 0 0 0 0 0 X 0 0 0 0 R R 
R 0 0 0 0 0 0 0 0 0 0 0 0 R R 
R 0 0 0 0 0 0 0 0 0 0 0 0 R R 
R 0 0 0 0 0 0 0 0 0 0 0 0 R R 
R R 0 0 0 0 0 0 0 0 0 0 0 R R 
R R R R R R R R R R R R R R R 
R R R R R R R R R R R R R R R 


Round 99 : Pozitia Robotului: 12 2

R R R R R R R R R R R R R R R 
R R R R R R R R R R R R R R R 
R 0 0 0 X 0 0 0 0 0 0 0 0 R R 
R 0 0 0 0 0 0 0 X 0 0 0 0 R R 
R 0 0 0 0 2 0 0 0 X 0 0 0 R R 
R 0 0 0 0 0 0 0 0 0 0 0 0 R R 
R 0 0 0 0 0 D 0 0 0 0 0 0 R R 
R 0 0 0 0 0 0 3 0 0 0 0 0 R R 
R 0 0 0 0 0 0 0 X 0 0 0 0 R R 
R 0 0 0 0 0 0 0 0 0 0 0 0 R R 
R 0 0 0 0 0 0 0 0 0 0 0 0 R R 
R R 0 0 0 0 0 0 0 0 0 0 0 R R 
R R 0 0 0 0 0 0 0 0 0 0 0 R R 
R R R R R R R R R R R R R R R 
R R R R R R R R R R R R R R R 


Round 100 : Pozitia Robotului: 11 2

R R R R R R R R R R R R R R R 
R R R R R R R R R R R R R R R 
R 0 0 0 X 0 0 0 0 0 0 0 0 R R 
R 0 0 0 0 0 0 0 X 0 0 0 0 R R 
R 0 0 0 0 2 0 0 0 X 0 0 0 R R 
R 0 0 0 0 0 0 0 0 0 0 0 0 R R 
R 0 0 0 0 0 D 0 0 0 0 0 0 R R 
R 0 0 0 0 0 0 3 0 0 0 0 0 R R 
R 0 0 0 0 0 0 0 X 0 0 0 0 R R 
R 0 0 0 0 0 0 0 0 0 0 0 0 R R 
R R 0 0 0 0 0 0 0 0 0 0 0 R R 
R R 0 0 0 0 0 0 0 0 0 0 0 R R 
R R 0 0 0 0 0 0 0 0 0 0 0 R R 
R R R R R R R R R R R R R R R 
R R R R R R R R R R R R R R R 


Round 101 : Pozitia Robotului: 10 2

R R R R R R R R R R R R R R R 
R R R R R R R R R R R R R R R 
R 0 0 0 X 0 0 0 0 0 0 0 0 R R 
R 0 0 0 0 0 0 0 X 0 0 0 0 R R 
R 0 0 0 0 2 0 0 0 X 0 0 0 R R 
R 0 0 0 0 0 0 0 0 0 0 0 0 R R 
R 0 0 0 0 0 D 0 0 0 0 0 0 R R 
R 0 0 0 0 0 0 3 0 0 0 0 0 R R 
R 0 0 0 0 0 0 0 X 0 0 0 0 R R 
R R 0 0 0 0 0 0 0 0 0 0 0 R R 
R R 0 0 0 0 0 0 0 0 0 0 0 R R 
R R 0 0 0 0 0 0 0 0 0 0 0 R R 
R R 0 0 0 0 0 0 0 0 0 0 0 R R 
R R R R R R R R R R R R R R R 
R R R R R R R R R R R R R R R 


Round 102 : Pozitia Robotului: 9 2

R R R R R R R R R R R R R R R 
R R R R R R R R R R R R R R R 
R 0 0 0 X 0 0 0 0 0 0 0 0 R R 
R 0 0 0 0 0 0 0 X 0 0 0 0 R R 
R 0 0 0 0 2 0 0 0 X 0 0 0 R R 
R 0 0 0 0 0 0 0 0 0 0 0 0 R R 
R 0 0 0 0 0 D 0 0 0 0 0 0 R R 
R 0 0 0 0 0 0 3 0 0 0 0 0 R R 
R R 0 0 0 0 0 0 X 0 0 0 0 R R 
R R 0 0 0 0 0 0 0 0 0 0 0 R R 
R R 0 0 0 0 0 0 0 0 0 0 0 R R 
R R 0 0 0 0 0 0 0 0 0 0 0 R R 
R R 0 0 0 0 0 0 0 0 0 0 0 R R 
R R R R R R R R R R R R R R R 
R R R R R R R R R R R R R R R 


Round 103 : Pozitia Robotului: 8 2

R R R R R R R R R R R R R R R 
R R R R R R R R R R R R R R R 
R 0 0 0 X 0 0 0 0 0 0 0 0 R R 
R 0 0 0 0 0 0 0 X 0 0 0 0 R R 
R 0 0 0 0 2 0 0 0 X 0 0 0 R R 
R 0 0 0 0 0 0 0 0 0 0 0 0 R R 
R 0 0 0 0 0 D 0 0 0 0 0 0 R R 
R R 0 0 0 0 0 3 0 0 0 0 0 R R 
R R 0 0 0 0 0 0 X 0 0 0 0 R R 
R R 0 0 0 0 0 0 0 0 0 0 0 R R 
R R 0 0 0 0 0 0 0 0 0 0 0 R R 
R R 0 0 0 0 0 0 0 0 0 0 0 R R 
R R 0 0 0 0 0 0 0 0 0 0 0 R R 
R R R R R R R R R R R R R R R 
R R R R R R R R R R R R R R R 


Round 104 : Pozitia Robotului: 7 2

R R R R R R R R R R R R R R R 
R R R R R R R R R R R R R R R 
R 0 0 0 X 0 0 0 0 0 0 0 0 R R 
R 0 0 0 0 0 0 0 X 0 0 0 0 R R 
R 0 0 0 0 2 0 0 0 X 0 0 0 R R 
R 0 0 0 0 0 0 0 0 0 0 0 0 R R 
R R 0 0 0 0 D 0 0 0 0 0 0 R R 
R R 0 0 0 0 0 3 0 0 0 0 0 R R 
R R 0 0 0 0 0 0 X 0 0 0 0 R R 
R R 0 0 0 0 0 0 0 0 0 0 0 R R 
R R 0 0 0 0 0 0 0 0 0 0 0 R R 
R R 0 0 0 0 0 0 0 0 0 0 0 R R 
R R 0 0 0 0 0 0 0 0 0 0 0 R R 
R R R R R R R R R R R R R R R 
R R R R R R R R R R R R R R R 


Round 105 : Pozitia Robotului: 6 2

R R R R R R R R R R R R R R R 
R R R R R R R R R R R R R R R 
R 0 0 0 X 0 0 0 0 0 0 0 0 R R 
R 0 0 0 0 0 0 0 X 0 0 0 0 R R 
R 0 0 0 0 2 0 0 0 X 0 0 0 R R 
R R 0 0 0 0 0 0 0 0 0 0 0 R R 
R R 0 0 0 0 D 0 0 0 0 0 0 R R 
R R 0 0 0 0 0 3 0 0 0 0 0 R R 
R R 0 0 0 0 0 0 X 0 0 0 0 R R 
R R 0 0 0 0 0 0 0 0 0 0 0 R R 
R R 0 0 0 0 0 0 0 0 0 0 0 R R 
R R 0 0 0 0 0 0 0 0 0 0 0 R R 
R R 0 0 0 0 0 0 0 0 0 0 0 R R 
R R R R R R R R R R R R R R R 
R R R R R R R R R R R R R R R 


Round 106 : Pozitia Robotului: 5 2

R R R R R R R R R R R R R R R 
R R R R R R R R R R R R R R R 
R 0 0 0 X 0 0 0 0 0 0 0 0 R R 
R 0 0 0 0 0 0 0 X 0 0 0 0 R R 
R R 0 0 0 2 0 0 0 X 0 0 0 R R 
R R 0 0 0 0 0 0 0 0 0 0 0 R R 
R R 0 0 0 0 D 0 0 0 0 0 0 R R 
R R 0 0 0 0 0 3 0 0 0 0 0 R R 
R R 0 0 0 0 0 0 X 0 0 0 0 R R 
R R 0 0 0 0 0 0 0 0 0 0 0 R R 
R R 0 0 0 0 0 0 0 0 0 0 0 R R 
R R 0 0 0 0 0 0 0 0 0 0 0 R R 
R R 0 0 0 0 0 0 0 0 0 0 0 R R 
R R R R R R R R R R R R R R R 
R R R R R R R R R R R R R R R 


Round 107 : Pozitia Robotului: 4 2

R R R R R R R R R R R R R R R 
R R R R R R R R R R R R R R R 
R 0 0 0 X 0 0 0 0 0 0 0 0 R R 
R R 0 0 0 0 0 0 X 0 0 0 0 R R 
R R 0 0 0 2 0 0 0 X 0 0 0 R R 
R R 0 0 0 0 0 0 0 0 0 0 0 R R 
R R 0 0 0 0 D 0 0 0 0 0 0 R R 
R R 0 0 0 0 0 3 0 0 0 0 0 R R 
R R 0 0 0 0 0 0 X 0 0 0 0 R R 
R R 0 0 0 0 0 0 0 0 0 0 0 R R 
R R 0 0 0 0 0 0 0 0 0 0 0 R R 
R R 0 0 0 0 0 0 0 0 0 0 0 R R 
R R 0 0 0 0 0 0 0 0 0 0 0 R R 
R R R R R R R R R R R R R R R 
R R R R R R R R R R R R R R R 


Round 108 : Pozitia Robotului: 3 2

R R R R R R R R R R R R R R R 
R R R R R R R R R R R R R R R 
R R 0 0 X 0 0 0 0 0 0 0 0 R R 
R R 0 0 0 0 0 0 X 0 0 0 0 R R 
R R 0 0 0 2 0 0 0 X 0 0 0 R R 
R R 0 0 0 0 0 0 0 0 0 0 0 R R 
R R 0 0 0 0 D 0 0 0 0 0 0 R R 
R R 0 0 0 0 0 3 0 0 0 0 0 R R 
R R 0 0 0 0 0 0 X 0 0 0 0 R R 
R R 0 0 0 0 0 0 0 0 0 0 0 R R 
R R 0 0 0 0 0 0 0 0 0 0 0 R R 
R R 0 0 0 0 0 0 0 0 0 0 0 R R 
R R 0 0 0 0 0 0 0 0 0 0 0 R R 
R R R R R R R R R R R R R R R 
R R R R R R R R R R R R R R R 


Round 109 : Pozitia Robotului: 3 2

R R R R R R R R R R R R R R R 
R R R R R R R R R R R R R R R 
R R 0 0 X 0 0 0 0 0 0 0 0 R R 
R R 0 0 0 0 0 0 X 0 0 0 0 R R 
R R 0 0 0 2 0 0 0 X 0 0 0 R R 
R R 0 0 0 0 0 0 0 0 0 0 0 R R 
R R 0 0 0 0 D 0 0 0 0 0 0 R R 
R R 0 0 0 0 0 3 0 0 0 0 0 R R 
R R 0 0 0 0 0 0 X 0 0 0 0 R R 
R R 0 0 0 0 0 0 0 0 0 0 0 R R 
R R 0 0 0 0 0 0 0 0 0 0 0 R R 
R R 0 0 0 0 0 0 0 0 0 0 0 R R 
R R 0 0 0 0 0 0 0 0 0 0 0 R R 
R R R R R R R R R R R R R R R 
R R R R R R R R R R R R R R R 


Round 110 : Pozitia Robotului: 3 3

R R R R R R R R R R R R R R R 
R R R R R R R R R R R R R R R 
R R R 0 X 0 0 0 0 0 0 0 0 R R 
R R 0 0 0 0 0 0 X 0 0 0 0 R R 
R R 0 0 0 2 0 0 0 X 0 0 0 R R 
R R 0 0 0 0 0 0 0 0 0 0 0 R R 
R R 0 0 0 0 D 0 0 0 0 0 0 R R 
R R 0 0 0 0 0 3 0 0 0 0 0 R R 
R R 0 0 0 0 0 0 X 0 0 0 0 R R 
R R 0 0 0 0 0 0 0 0 0 0 0 R R 
R R 0 0 0 0 0 0 0 0 0 0 0 R R 
R R 0 0 0 0 0 0 0 0 0 0 0 R R 
R R 0 0 0 0 0 0 0 0 0 0 0 R R 
R R R R R R R R R R R R R R R 
R R R R R R R R R R R R R R R 


Round 111 : Pozitia Robotului: 4 4

R R R R R R R R R R R R R R R 
R R R R R R R R R R R R R R R 
R R R 0 X 0 0 0 0 0 0 0 0 R R 
R R 0 R 0 0 0 0 X 0 0 0 0 R R 
R R 0 0 0 2 0 0 0 X 0 0 0 R R 
R R 0 0 0 0 0 0 0 0 0 0 0 R R 
R R 0 0 0 0 D 0 0 0 0 0 0 R R 
R R 0 0 0 0 0 3 0 0 0 0 0 R R 
R R 0 0 0 0 0 0 X 0 0 0 0 R R 
R R 0 0 0 0 0 0 0 0 0 0 0 R R 
R R 0 0 0 0 0 0 0 0 0 0 0 R R 
R R 0 0 0 0 0 0 0 0 0 0 0 R R 
R R 0 0 0 0 0 0 0 0 0 0 0 R R 
R R R R R R R R R R R R R R R 
R R R R R R R R R R R R R R R 


Round 112 : Pozitia Robotului: 5 5

R R R R R R R R R R R R R R R 
R R R R R R R R R R R R R R R 
R R R 0 X 0 0 0 0 0 0 0 0 R R 
R R 0 R 0 0 0 0 X 0 0 0 0 R R 
R R 0 0 R 2 0 0 0 X 0 0 0 R R 
R R 0 0 0 0 0 0 0 0 0 0 0 R R 
R R 0 0 0 0 D 0 0 0 0 0 0 R R 
R R 0 0 0 0 0 3 0 0 0 0 0 R R 
R R 0 0 0 0 0 0 X 0 0 0 0 R R 
R R 0 0 0 0 0 0 0 0 0 0 0 R R 
R R 0 0 0 0 0 0 0 0 0 0 0 R R 
R R 0 0 0 0 0 0 0 0 0 0 0 R R 
R R 0 0 0 0 0 0 0 0 0 0 0 R R 
R R R R R R R R R R R R R R R 
R R R R R R R R R R R R R R R 


Round 113 : Pozitia Robotului: 6 6

R R R R R R R R R R R R R R R 
R R R R R R R R R R R R R R R 
R R R 0 X 0 0 0 0 0 0 0 0 R R 
R R 0 R 0 0 0 0 X 0 0 0 0 R R 
R R 0 0 R 2 0 0 0 X 0 0 0 R R 
R R 0 0 0 R 0 0 0 0 0 0 0 R R 
R R 0 0 0 0 D 0 0 0 0 0 0 R R 
R R 0 0 0 0 0 3 0 0 0 0 0 R R 
R R 0 0 0 0 0 0 X 0 0 0 0 R R 
R R 0 0 0 0 0 0 0 0 0 0 0 R R 
R R 0 0 0 0 0 0 0 0 0 0 0 R R 
R R 0 0 0 0 0 0 0 0 0 0 0 R R 
R R 0 0 0 0 0 0 0 0 0 0 0 R R 
R R R R R R R R R R R R R R R 
R R R R R R R R R R R R R R R 


Round 114 : Pozitia Robotului: 7 7

R R R R R R R R R R R R R R R 
R R R R R R R R R R R R R R R 
R R R 0 X 0 0 0 0 0 0 0 0 R R 
R R 0 R 0 0 0 0 X 0 0 0 0 R R 
R R 0 0 R 2 0 0 0 X 0 0 0 R R 
R R 0 0 0 R 0 0 0 0 0 0 0 R R 
R R 0 0 0 0 D 0 0 0 0 0 0 R R 
R R 0 0 0 0 0 3 0 0 0 0 0 R R 
R R 0 0 0 0 0 0 X 0 0 0 0 R R 
R R 0 0 0 0 0 0 0 0 0 0 0 R R 
R R 0 0 0 0 0 0 0 0 0 0 0 R R 
R R 0 0 0 0 0 0 0 0 0 0 0 R R 
R R 0 0 0 0 0 0 0 0 0 0 0 R R 
R R R R R R R R R R R R R R R 
R R R R R R R R R R R R R R R 
Robotul a ajuns la destinatie!